 -------- Variogram Analysis of Response Surfaces (VARS) Output File -------- 
 VARS settings: 
 Target Number of Stars = 100 
 Current Number of Stars = 50 
 minimum h = 0.1 
 Bootstrap Size = 1000 
 Bootstrap Confidence Level = 0.9 

 ***  gamma(h) - Directional Variograms: 
         h        factor#1        factor#2        factor#3        -------> 
       0.1      8.9803e-06     0.000324089      0.00019867     0.000532721     1.24983e-05     7.38314e-05     0.000231595     0.000105208     8.92931e-05     1.34076e-05     7.89874e-05     0.000163538     1.35391e-05     4.08663e-05     7.56792e-06     0.000798406 
       0.2     3.24091e-05      0.00122097     0.000731556      0.00192355     4.47157e-05     0.000251071     0.000866026     0.000414161     0.000312896     5.16564e-05     0.000299401     0.000604162     5.30547e-05     0.000161117     2.82734e-05       0.0030633 
       0.3     7.16317e-05      0.00264326      0.00157134      0.00387723     9.64933e-05     0.000526094      0.00185802     0.000911379     0.000605908     0.000115451     0.000655997      0.00121991     0.000117821     0.000363731     6.00966e-05      0.00658568 
       0.4      0.00012021      0.00455112      0.00271023      0.00612718     0.000169915      0.00088718      0.00317825      0.00159098     0.000905241     0.000204484      0.00112958      0.00190579     0.000205517     0.000635526     9.94877e-05       0.0109017 
       0.5     0.000181759       0.0067947      0.00403903      0.00870049     0.000256855      0.00132086      0.00477003       0.0024362      0.00125125     0.000318887      0.00173627      0.00268647     0.000316014     0.000990032     0.000148472       0.0154887 
       0.6     0.000243693      0.00930931      0.00553707       0.0114409     0.000373122      0.00186276      0.00660937      0.00346323      0.00168263     0.000457087      0.00248677      0.00354429      0.00045373      0.00141544     0.000220075       0.0199916 
       0.7     0.000325125       0.0118516      0.00722412        0.014551     0.000506606      0.00251743      0.00859435      0.00466026      0.00224803     0.000616195       0.0033851      0.00451578     0.000622605      0.00193589     0.000312458       0.0244092 
       0.8     0.000409601       0.0142345      0.00905013       0.0181399     0.000665219       0.0033175       0.0108318      0.00602695      0.00296645     0.000795364      0.00439278      0.00565109      0.00080346      0.00247053     0.000409131       0.0281934 
       0.9      0.00052154         0.01672       0.0109507       0.0222871     0.000856627      0.00417821       0.0131138      0.00750564      0.00386582      0.00101845       0.0055477       0.0069023      0.00097789      0.00305444     0.000511271       0.0313703 

 ***  COV(h) - Directional Covariograms: 
         h        factor#1        factor#2        factor#3        -------> 
       0.1        0.023454       0.0214023       0.0228706       0.0213788        0.022544         0.02602       0.0226324       0.0228761       0.0227221       0.0215338       0.0238605       0.0252498       0.0234505       0.0239228       0.0224844       0.0186173 
       0.2       0.0234427       0.0205377       0.0223425       0.0197034       0.0225158       0.0258956       0.0220091       0.0225064       0.0224854       0.0214844       0.0235288       0.0248056       0.0233919       0.0237678       0.0224642        0.016236 
       0.3       0.0234055       0.0190918       0.0215006       0.0177636       0.0224662       0.0256463       0.0210245        0.022019       0.0222131       0.0214217       0.0231729       0.0242117       0.0233252       0.0235669       0.0224329       0.0127389 
       0.4       0.0233462       0.0171841       0.0203566       0.0158101       0.0223893       0.0252414       0.0196708       0.0214078       0.0219448       0.0213474        0.022812       0.0235427       0.0232482       0.0233311       0.0223964      0.00856462 
       0.5       0.0232649       0.0148831        0.018985       0.0138166       0.0222946        0.024682       0.0180755        0.020668       0.0216318       0.0212525       0.0224171       0.0227634       0.0231735       0.0230501       0.0223504      0.00417252 
       0.6       0.0231732       0.0122825       0.0174227       0.0119459       0.0221668       0.0239514        0.016231        0.019799         0.02125       0.0211436       0.0219841       0.0219075       0.0230895        0.022735       0.0222832    -3.79025e-05 
       0.7       0.0230504      0.00969259       0.0156881       0.0100107       0.0220187       0.0230898        0.014165       0.0188494       0.0207846       0.0210353       0.0215253       0.0209765       0.0229756       0.0223599       0.0222001      -0.0039623 
       0.8       0.0229232      0.00712002       0.0137739      0.00793763       0.0218503       0.0221099       0.0118952       0.0178117       0.0202558       0.0209174       0.0210609       0.0199592       0.0228645       0.0220145       0.0221154      -0.0070841 
       0.9        0.022778      0.00452042        0.011666      0.00568063       0.0216495       0.0210055      0.00956536       0.0167042       0.0196624       0.0207709       0.0205306        0.018876       0.0227411       0.0216744       0.0220493      -0.0094988 

 ***  ECOV(h) - Directional Expected Covariograms: 
         h        factor#1        factor#2        factor#3        -------> 
       0.1     8.81899e-05       0.0033196      0.00198547      0.00417157     0.000131554     0.000662715      0.00235084      0.00123878     0.000601766     0.000161951     0.000884484      0.00128388     0.000163672     0.000508887     7.93256e-05      0.00733956 
       0.2      5.7159e-05      0.00213405      0.00126743      0.00243958     8.62113e-05      0.00041644      0.00149309     0.000802727     0.000327176     0.000107984     0.000573847     0.000735818     0.000106031     0.000335382     4.96746e-05      0.00449579 
       0.3     1.82351e-05     0.000683435     0.000432278     0.000540911     3.50981e-05     0.000150011     0.000515146      0.00030893     5.98508e-05     4.37814e-05     0.000218835     0.000149411     4.05894e-05      0.00012795     1.76837e-05     0.000956211 
       0.4    -2.08174e-05    -0.000943321    -0.000515528     -0.00132447     -2.4435e-05    -0.000137636     -0.00058347     -0.00024385    -0.000166982    -2.89603e-05    -0.000160139    -0.000411085    -2.95858e-05    -9.02827e-05    -1.23298e-05     -0.00276821 
       0.5    -6.65098e-05     -0.00258572     -0.00147967     -0.00318904     -8.3879e-05     -0.00043887      -0.0017313    -0.000841003     -0.00040107    -0.000109897    -0.000584415    -0.000973654    -0.000106979     -0.00034141     -4.4443e-05     -0.00625681 
       0.6    -0.000104659     -0.00419857     -0.00243072     -0.00486631    -0.000158901    -0.000782094     -0.00290472     -0.00149592    -0.000664558    -0.000197896     -0.00106131     -0.00150431    -0.000195039    -0.000611752     -9.0738e-05     -0.00911198 
       0.7     -0.00015065     -0.00558402     -0.00336804      -0.0064885    -0.000237066     -0.00115503     -0.00400264     -0.00219032     -0.00096752    -0.000291103     -0.00158687      -0.0020015    -0.000295446    -0.000921074    -0.000147181      -0.0112339 
       0.8    -0.000191628     -0.00660969     -0.00424927      -0.0080352    -0.000324048     -0.00157758     -0.00507468     -0.00291851     -0.00127582    -0.000388975     -0.00212653     -0.00244696    -0.000394628     -0.00121341    -0.000200776        -0.01227 
       0.9    -0.000243581     -0.00742347     -0.00501433     -0.00951127    -0.000423342      -0.0019872     -0.00596844     -0.00364958     -0.00158351    -0.000506769     -0.00270044     -0.00280098    -0.000482443     -0.00151599    -0.000253018      -0.0122926 

 ***  IVARS(H) - Integrated Variograms: 
         H        factor#1        factor#2        factor#3        -------> 
       0.1     4.49015e-07     1.62044e-05     9.93348e-06      2.6636e-05     6.24914e-07     3.69157e-06     1.15798e-05     5.26042e-06     4.46465e-06     6.70379e-07     3.94937e-06     8.17691e-06     6.76957e-07     2.04331e-06     3.78396e-07     3.99203e-05 
       0.3     7.72053e-06     0.000286669      0.00017159     0.000439489     1.05461e-05      5.8795e-05     0.000202663     9.75059e-05     7.05143e-05      1.2279e-05     7.06386e-05     0.000137766     1.25504e-05     3.83849e-05     6.58896e-06     0.000715454 
       0.5     3.24111e-05      0.00121368     0.000723131      0.00168109     4.52049e-05     0.000239861      0.00085189     0.000423983     0.000253897     5.44443e-05      0.00030321     0.000523663     5.47939e-05     0.000169626     2.69662e-05      0.00290935 

 ***  Factor Rankings based on IVARS: 
         H        factor#1        factor#2        factor#3        -------> 
       0.1              15               3               5               2              14              10               4               7               8              13               9               6              12              11              16               1 
       0.3              15               3               5               2              14              10               4               7               9              13               8               6              12              11              16               1 
       0.5              15               3               5               2              14              10               4               7               9              13               8               6              12              11              16               1 

 ***  VARS-TO - Sobol Total-Order Effects calculated through VARS: 
                  factor#1        factor#2        factor#3        -------> 
                0.00420831        0.157803       0.0945919        0.203736      0.00623872       0.0318988        0.111842       0.0582064       0.0299288      0.00759453       0.0417266       0.0626858      0.00767479        0.023809      0.00376324        0.352444 

 ***  Factor Rankings based on VARS-TO: 
                  factor#1        factor#2        factor#3        -------> 
                        15               3               5               2              14               9               4               7              10              13               8               6              12              11              16               1 

 ***  VARS-ABE - Morris mean ABsolute Elementary effects across scales: 
   delta x        factor#1        factor#2        factor#3        -------> 
       0.1      0.00249523       0.0190304       0.0144465       0.0162944       0.0030582      0.00862703       0.0159877       0.0104449      0.00599739      0.00310777      0.00686345      0.00736935      0.00327817      0.00560046      0.00235258       0.0312906 
       0.2      0.00491778       0.0377166        0.028101       0.0316955      0.00601592       0.0165629       0.0311928       0.0209038       0.0115175       0.0061529        0.013575       0.0141448      0.00657663       0.0111864      0.00465996       0.0624665 
       0.3      0.00732027       0.0560491       0.0414486       0.0465078      0.00895742       0.0243035       0.0463231       0.0313495       0.0167101      0.00921369       0.0202409       0.0203562      0.00989359       0.0167792      0.00696821       0.0927672 
       0.4      0.00961102       0.0740369       0.0545236       0.0608942       0.0118722       0.0320196       0.0612889       0.0417841       0.0216654       0.0122411       0.0268365        0.026251       0.0131365       0.0223096      0.00916815        0.121185 
       0.5       0.0119126       0.0910336       0.0669443       0.0753957       0.0147615       0.0395071       0.0760793       0.0521748       0.0266242       0.0152778       0.0334779       0.0319931       0.0163668       0.0278629       0.0113356         0.14691 
       0.6       0.0141928        0.106847       0.0782389       0.0900017       0.0178118       0.0471974       0.0906387       0.0625677       0.0319262       0.0183037       0.0402545       0.0379587       0.0196894       0.0333857       0.0137188        0.169857 
       0.7       0.0165912        0.121519       0.0896516        0.105469       0.0208232       0.0547612        0.104473       0.0728378         0.03768       0.0213765       0.0472238       0.0441319        0.023043       0.0390295       0.0161703        0.190419 
       0.8       0.0189317        0.134857        0.100483         0.12202       0.0239102       0.0630455        0.118697       0.0830946       0.0435859       0.0244599        0.054275       0.0506189       0.0262318       0.0445308       0.0184858        0.207346 
       0.9         0.02142        0.147733        0.110119        0.140572       0.0270741       0.0711033        0.131834       0.0931853       0.0494223       0.0276008       0.0616902       0.0566625       0.0292563       0.0498023       0.0207449         0.21975 

 ***  VARS-ACE - Morris mean ACtual Elementary effects across scales: 
   delta x        factor#1        factor#2        factor#3        -------> 
       0.1      0.00072579      -0.0136366      -0.0119371      -0.0156191     -0.00295783      0.00594107       0.0122005      0.00950157      0.00499412      0.00306675      0.00685446      0.00363916      0.00308552      0.00553359     -0.00230499      -0.0233633 
       0.2      0.00147365      -0.0273057      -0.0239417      -0.0304731     -0.00587891        0.012003       0.0246808       0.0190024      0.00964819      0.00611376       0.0135688      0.00721427      0.00624728        0.011098     -0.00462145      -0.0489968 
       0.3      0.00217569      -0.0412839      -0.0361964      -0.0449278     -0.00877407       0.0180378       0.0372679       0.0284734       0.0140705      0.00916111       0.0202388       0.0106613      0.00939096       0.0166793     -0.00692788      -0.0759738 
       0.4      0.00289648      -0.0554086      -0.0484694      -0.0592671      -0.0116741       0.0240036       0.0499533       0.0379278       0.0183219       0.0121894       0.0268363       0.0140968       0.0124711       0.0222093     -0.00914045       -0.103002 
       0.5      0.00354343       -0.069188      -0.0604794      -0.0740089      -0.0145136       0.0301426        0.062466       0.0473849       0.0227056       0.0152493       0.0334779       0.0176426       0.0155448       0.0277914      -0.0113143       -0.129402 
       0.6      0.00434472       -0.083113       -0.072704      -0.0889007      -0.0175111       0.0360054         0.07493       0.0568917       0.0274829       0.0182841       0.0402545       0.0211452       0.0187067       0.0333139      -0.0137107       -0.154503 
       0.7       0.0050766       -0.096329      -0.0844583       -0.104832      -0.0204728       0.0420883       0.0869584        0.066438       0.0328311       0.0213759       0.0472238       0.0248763       0.0219122       0.0389183      -0.0161651       -0.177272 
       0.8      0.00589461       -0.109223      -0.0957669       -0.121892      -0.0235156       0.0480121       0.0987232       0.0760096       0.0385927        0.024455        0.054275       0.0288571       0.0249891       0.0443919      -0.0184858       -0.195987 
       0.9      0.00653211        -0.12273       -0.107434       -0.140572      -0.0266205       0.0534696        0.109805       0.0855141       0.0449471       0.0276008       0.0616902       0.0327525       0.0277697       0.0498023      -0.0207449        -0.21027 

 ********         Bootstrapping Results        ******** 
 ***  gamma_LL(h) - Lower Limits on Directional Variograms: 
         h        factor#1        factor#2        factor#3        -------> 
       0.1     4.13811e-06     0.000252787     0.000151576     0.000277571      6.0956e-06     5.24279e-05     0.000180024     7.01918e-05     3.38568e-05     5.85001e-06     3.06221e-05     5.09866e-05     6.71241e-06     1.98444e-05     3.49339e-06     0.000640921 
       0.2     1.59497e-05     0.000951374     0.000538331     0.000958505     2.32331e-05     0.000184913     0.000667564     0.000278177     0.000118683     2.27738e-05     0.000108425     0.000175393     2.57771e-05     7.69589e-05     1.34475e-05      0.00251445 
       0.3     3.51904e-05      0.00204281      0.00114767      0.00186683     5.01155e-05     0.000387468       0.0014174     0.000618006     0.000239898     5.00496e-05      0.00022274      0.00032607      5.7217e-05      0.00016978     2.93866e-05      0.00545906 
       0.4     6.03625e-05      0.00344687      0.00195058      0.00285773      8.5783e-05       0.0006498      0.00239046      0.00108248     0.000387763     8.78638e-05     0.000380108      0.00050595     9.81392e-05     0.000300485     5.12957e-05      0.00905535 
       0.5     8.99037e-05      0.00509533      0.00286307      0.00406884     0.000131278     0.000957185      0.00357521       0.0016683     0.000558112     0.000136547      0.00058188     0.000683214     0.000149695     0.000464685     7.80378e-05       0.0128122 
       0.6     0.000125285       0.0069022      0.00391192      0.00546924     0.000188764      0.00135136      0.00493223      0.00237699     0.000779788     0.000194646     0.000831967      0.00087684      0.00021799      0.00066333     0.000113812       0.0163999 
       0.7     0.000169239      0.00875124      0.00509177      0.00720924     0.000260822      0.00179078      0.00639953      0.00320612      0.00103638     0.000264803      0.00113234      0.00113884     0.000302574     0.000895941     0.000153108       0.0198427 
       0.8     0.000221255       0.0106616      0.00634924      0.00955126     0.000345139      0.00235647      0.00811664      0.00415451      0.00136048     0.000347069      0.00150348      0.00145028     0.000393632      0.00116195     0.000199102       0.0229409 
       0.9     0.000280288       0.0126247      0.00776398       0.0122248     0.000434671      0.00296407      0.00985357      0.00514727      0.00173694     0.000441176       0.0019906       0.0017468     0.000492722      0.00145863     0.000251666       0.0253015 

 ***  gamma_UL(h) - Upper Limits on Directional Variograms: 
         h        factor#1        factor#2        factor#3        -------> 
       0.1     1.48835e-05     0.000397601     0.000254078     0.000822938     2.14494e-05     9.98571e-05     0.000287892     0.000152491     0.000158218     2.46322e-05     0.000138718     0.000304857     2.33539e-05     7.00248e-05      1.3366e-05     0.000963275 
       0.2     5.24764e-05      0.00150408     0.000954174       0.0030349     7.34951e-05     0.000333074      0.00108513     0.000600443     0.000555417     9.46985e-05     0.000538173      0.00116568     9.25243e-05     0.000278258     4.91384e-05      0.00365325 
       0.3     0.000114858      0.00330323      0.00206677      0.00626888     0.000157241     0.000695423      0.00234305      0.00130857      0.00107207     0.000213354      0.00119185       0.0024131     0.000206502     0.000633047     0.000102941      0.00779108 
       0.4     0.000191378      0.00572973      0.00361097       0.0099565     0.000279664      0.00117121      0.00400908      0.00227292      0.00156353     0.000380185      0.00204355      0.00384104     0.000360492      0.00110226     0.000166319       0.0128474 
       0.5       0.0002883      0.00865951      0.00543146       0.0141327     0.000420565      0.00175808      0.00604134      0.00345003      0.00210775     0.000594434      0.00313686      0.00551432     0.000554929      0.00171904     0.000244837       0.0183064 
       0.6     0.000382315       0.0120113      0.00754987       0.0184541      0.00061323      0.00247152      0.00835569      0.00489378       0.0028076     0.000852097       0.0044902      0.00737188     0.000792942      0.00246129     0.000367762       0.0236334 
       0.7     0.000510809       0.0153698      0.00986579       0.0231049     0.000828256      0.00336581       0.0108955      0.00659882       0.0037594      0.00114178      0.00611712      0.00948904      0.00109068      0.00338898     0.000533582       0.0289955 
       0.8     0.000640505       0.0185428       0.0123876       0.0285129      0.00109248      0.00446901       0.0137096      0.00853519      0.00498827      0.00146153      0.00789272       0.0117698      0.00140065      0.00428048     0.000697555       0.0334571 
       0.9     0.000812399       0.0217013       0.0148836       0.0340339      0.00144302       0.0056264       0.0166187       0.0105877       0.0064746      0.00188259      0.00977784       0.0143273      0.00167107      0.00526532     0.000864351       0.0373497 

 ***  IVARS_LL(H) - Lower Limits on Integrated Variograms: 
         H        factor#1        factor#2        factor#3        -------> 
       0.1     2.06905e-07     1.26394e-05      7.5788e-06     1.38785e-05      3.0478e-07     2.62139e-06     9.00122e-06     3.50959e-06     1.69284e-06       2.925e-07      1.5311e-06     2.54933e-06     3.35621e-07      9.9222e-07     1.74669e-07     3.20461e-05 
       0.3     3.76289e-06     0.000222978     0.000126468     0.000218579     5.44624e-06     4.33945e-05     0.000155368     6.58095e-05     2.73835e-05     5.36191e-06     2.50812e-05     3.90973e-05     6.11378e-06      1.8184e-05     3.15749e-06     0.000590355 
       0.5     1.63733e-05     0.000924447      0.00052151     0.000805942     2.30746e-05     0.000176003     0.000644598      0.00028886     0.000107161     2.34953e-05     0.000102865     0.000141454     2.62545e-05     8.00577e-05     1.36939e-05      0.00241649 

 ***  IVARS_UL(H) - Upper Limits on Integrated Variograms: 
         H        factor#1        factor#2        factor#3        -------> 
       0.1     7.44173e-07       1.988e-05     1.27039e-05     4.11469e-05     1.07247e-06     4.99285e-06     1.43946e-05     7.62456e-06     7.91092e-06     1.23161e-06     6.93591e-06     1.52428e-05     1.16769e-06     3.50124e-06     6.68301e-07     4.81637e-05 
       0.3     1.24768e-05     0.000356276     0.000224064     0.000699131     1.73351e-05     7.76223e-05     0.000254534     0.000140848     0.000125089     2.26106e-05     0.000127281     0.000269458     2.19033e-05     6.63426e-05     1.13542e-05     0.000847536 
       0.5     5.14352e-05      0.00152416     0.000959306      0.00271296      7.4176e-05     0.000316867      0.00107561     0.000605139     0.000440667     0.000100991     0.000548232      0.00104807     9.61062e-05     0.000294548     4.53605e-05      0.00342339 

 ***  VARS-TO_LL - Lower Limits on Sobol Total-Order Effects calculated through VARS: 
                  factor#1        factor#2        factor#3        -------> 
                0.00213337        0.117726        0.067093       0.0959225      0.00318069       0.0230421       0.0837085       0.0398633       0.0132822      0.00325931       0.0139299       0.0161464      0.00367921       0.0111551      0.00190219        0.291535 

 ***  VARS-TO_UL - Lower Limits on Sobol Total-Order Effects calculated through VARS: 
                  factor#1        factor#2        factor#3        -------> 
                0.00664303        0.202653        0.127805        0.328332       0.0102185       0.0424167        0.141175       0.0825749        0.050556       0.0140936       0.0757595        0.128654       0.0134905       0.0414883      0.00635503        0.416268 

 ***  Reliability Estimates of Factor Rankings based on IVARS: 
         H        factor#1        factor#2        factor#3        -------> 
       0.1           0.667           0.872           0.693            0.83           0.656           0.458           0.765           0.529           0.236           0.351           0.434           0.522           0.529           0.988           0.773           0.924 
       0.3           0.597           0.808           0.662             0.8           0.696           0.411           0.729           0.555           0.374           0.448           0.366           0.457           0.594           0.846           0.722           0.952 
       0.5           0.584           0.746           0.673           0.734           0.696           0.338           0.716           0.527            0.44            0.38           0.497           0.395           0.506           0.728           0.725           0.964 

 ***  Reliability Estimates of Factor Rankings based on VARS-TO: 
                  factor#1        factor#2        factor#3        -------> 
                     0.482           0.684           0.671            0.67           0.706           0.239           0.699           0.414           0.298           0.408           0.572           0.296           0.534           0.628            0.62           0.961 

 ***  Factor Grouping based on VARS-TO & IVARS50: 
                  factor#1        factor#2        factor#3        -------> 
 VARS-TO              2               3               3               3               2               1               3               1               1               2               1               1               2               1               2               3 
 IVARS50              3               1               1               4               3               2               1               2               2               3               2               2               3               2               3               4 

 ***  Reliability Estimates of Rankings based on Factor Grouping: 
                  factor#1        factor#2        factor#3        -------> 
 VARS-TO              1               1           0.816               1               1               1            0.98           0.996               1               1           0.994           0.806               1               1               1               1 
 IVARS50              1           0.906           0.732           0.906               1               1            0.98               1           0.996               1               1           0.716               1               1               1               1 
