 -------- Variogram Analysis of Response Surfaces (VARS) Output File -------- 
 VARS settings: 
 Target Number of Stars = 100 
 Current Number of Stars = 100 
 minimum h = 0.1 
 Bootstrap Size = 1000 
 Bootstrap Confidence Level = 0.9 

 ***  gamma(h) - Directional Variograms: 
         h        factor#1        factor#2        factor#3        -------> 
       0.1     9.91133e-06     0.000324038     0.000218597     0.000489434     1.28457e-05     8.24297e-05     0.000241365     0.000118622     0.000113166     1.22423e-05     6.89601e-05     0.000155304     1.42482e-05     3.94272e-05     7.14883e-06     0.000857862 
       0.2     3.50331e-05      0.00118569     0.000814483      0.00175347     4.51829e-05     0.000294495     0.000914284      0.00045784     0.000367306     4.54145e-05     0.000262034     0.000523791     5.40441e-05     0.000151622      2.6387e-05      0.00321604 
       0.3     7.55199e-05      0.00247749      0.00172398      0.00354928     9.63571e-05     0.000619817      0.00197402     0.000982539     0.000665239     9.89237e-05     0.000574868     0.000997606     0.000119828     0.000335566     5.60748e-05      0.00689773 
       0.4     0.000126455       0.0041751      0.00296187      0.00569837     0.000167227      0.00102397      0.00339166       0.0016803     0.000990191     0.000173575     0.000995392      0.00151356     0.000208742      0.00058452     9.50697e-05       0.0116545 
       0.5     0.000190497      0.00616008       0.0044704      0.00812712     0.000252931      0.00149394      0.00510383      0.00254864       0.0013718     0.000268474      0.00153277      0.00209435     0.000320885      0.00090497     0.000143689       0.0168725 
       0.6     0.000260276      0.00829825      0.00619383       0.0107407     0.000365968      0.00203924      0.00707442      0.00361936      0.00182588     0.000386316      0.00217489      0.00274758     0.000458392       0.0012916     0.000210005       0.0220132 
       0.7     0.000344411       0.0104837      0.00815945       0.0136026     0.000500795      0.00266595      0.00925453      0.00490471      0.00240342     0.000521155      0.00293438      0.00350961     0.000624885      0.00175334     0.000292232        0.026877 
       0.8      0.00044033       0.0126407        0.010315       0.0168382     0.000654576      0.00341415        0.011642      0.00642377      0.00317931     0.000677362      0.00376741      0.00443732     0.000803416      0.00225659      0.00038284       0.0310872 
       0.9     0.000552418       0.0148657       0.0125632       0.0205915     0.000829989      0.00421868       0.0141017      0.00808035      0.00418604     0.000863731      0.00470569      0.00553517     0.000994617       0.0028277     0.000484586       0.0344354 

 ***  COV(h) - Directional Covariograms: 
         h        factor#1        factor#2        factor#3        -------> 
       0.1       0.0226804       0.0222313       0.0223865       0.0208299       0.0224993        0.024452         0.02181       0.0223182       0.0212097       0.0218038       0.0217752       0.0223589       0.0222789       0.0223322       0.0219218       0.0216777 
       0.2       0.0226741       0.0213587       0.0217698       0.0192681       0.0224661       0.0242749       0.0210325        0.021924       0.0209348       0.0217633       0.0214943        0.021972       0.0222268       0.0221874       0.0218996       0.0188924 
       0.3       0.0226436       0.0200598       0.0208546       0.0174522       0.0224169       0.0239724       0.0199418       0.0214173       0.0206614       0.0217116       0.0211823       0.0215226       0.0221646       0.0220081       0.0218658       0.0150987 
       0.4       0.0225732       0.0183932       0.0196451       0.0155937       0.0223434       0.0235386       0.0185885       0.0207833       0.0203853       0.0216446       0.0208487       0.0210417       0.0220898       0.0217963       0.0218296       0.0106351 
       0.5       0.0224824       0.0164203       0.0181772       0.0137606       0.0222553       0.0229805       0.0171345       0.0200153       0.0200743       0.0215582        0.020483       0.0205035       0.0220017       0.0215428       0.0217921      0.00625763 
       0.6       0.0223725       0.0143003       0.0165149       0.0120405       0.0221386       0.0223028       0.0155511       0.0190951       0.0197261        0.021453       0.0200983        0.019914       0.0219002       0.0212567       0.0217425      0.00237765 
       0.7       0.0222206       0.0121973       0.0146494       0.0103531       0.0219957       0.0215336       0.0137364       0.0180422       0.0193214       0.0213431       0.0196846       0.0192692       0.0217868       0.0209375        0.021676     -0.00110185 
       0.8       0.0220874        0.010084       0.0125862      0.00851387       0.0218414       0.0206801       0.0117625       0.0168687       0.0188429       0.0212208       0.0192859       0.0185685       0.0216861       0.0206262        0.021592     -0.00387045 
       0.9       0.0219637      0.00794027       0.0104671      0.00641119       0.0216427       0.0197152      0.00981969       0.0156281       0.0183688       0.0210585       0.0188543       0.0178154        0.021593       0.0203055       0.0215131     -0.00595502 

 ***  ECOV(h) - Directional Expected Covariograms: 
         h        factor#1        factor#2        factor#3        -------> 
       0.1     9.36916e-05      0.00298693      0.00221471      0.00390377     0.000129635     0.000741337      0.00253593      0.00129445     0.000636952     0.000136465     0.000775886     0.000980633     0.000164279     0.000461031     7.50541e-05       0.0080715 
       0.2     5.97771e-05      0.00187266      0.00140449      0.00232641     8.40886e-05     0.000458617      0.00162065     0.000821363     0.000332861     8.97626e-05     0.000505122     0.000534063     0.000107412     0.000302085      4.7793e-05      0.00505545 
       0.3     1.98458e-05      0.00056916     0.000499696     0.000559936     3.32041e-05     0.000138711     0.000562581     0.000308554     6.58159e-05     3.62904e-05     0.000190878     9.13558e-05     4.08837e-05     0.000116783     1.81477e-05      0.00129254 
       0.4    -2.17268e-05    -0.000883172     -0.00052078     -0.00124423    -2.37973e-05    -0.000193825    -0.000616249    -0.000250385     -0.00018337    -2.44217e-05    -0.000149764    -0.000322737      -3.063e-05    -8.42962e-05    -1.23889e-05      -0.0028752 
       0.5    -6.81623e-05     -0.00235236     -0.00160798     -0.00300428    -8.24314e-05      -0.0005289     -0.00185141    -0.000857591    -0.000442359    -9.09349e-05    -0.000530361    -0.000733281    -0.000109566    -0.000310649    -4.52129e-05     -0.00684613 
       0.6    -0.000111532     -0.00371683      -0.0026994      -0.0046148    -0.000154863    -0.000871867      -0.0031065     -0.00153661    -0.000712504    -0.000166198    -0.000937314     -0.00113115    -0.000197264    -0.000556131    -8.78358e-05      -0.0101163 
       0.7    -0.000159148      -0.0049001     -0.00380662      -0.0061146    -0.000234772     -0.00121906     -0.00433189     -0.00228042     -0.00101106    -0.000244857     -0.00137976     -0.00151363    -0.000295483    -0.000827751    -0.000137164      -0.0125666 
       0.8    -0.000207897     -0.00583541     -0.00487875     -0.00754355    -0.000319163     -0.00160141     -0.00551965     -0.00308532     -0.00133275    -0.000330373     -0.00182399     -0.00186339    -0.000392649     -0.00109981     -0.00018718      -0.0140416 
       0.9    -0.000261497     -0.00658709     -0.00583874     -0.00890201    -0.000407317      -0.0019822     -0.00657318     -0.00388746     -0.00164266      -0.0004267     -0.00228522     -0.00214792    -0.000488172     -0.00138862    -0.000239651      -0.0145364 

 ***  IVARS(H) - Integrated Variograms: 
         H        factor#1        factor#2        factor#3        -------> 
       0.1     4.95567e-07     1.62019e-05     1.09299e-05     2.44717e-05     6.42285e-07     4.12149e-06     1.20682e-05     5.93112e-06     5.65831e-06     6.12115e-07     3.44801e-06      7.7652e-06     7.12408e-07     1.97136e-06     3.57441e-07     4.28931e-05 
       0.3     8.27044e-06     0.000274847     0.000189507     0.000401754     1.06207e-05     6.86833e-05     0.000214266     0.000106773     8.13092e-05     1.07119e-05     6.18428e-05      0.00011779     1.28206e-05     3.58832e-05     6.15733e-06     0.000752277 
       0.5     3.42168e-05      0.00112424     0.000795414      0.00155541     4.48078e-05     0.000276768     0.000907324     0.000451362      0.00028218     4.64393e-05     0.000266764     0.000423744     5.57304e-05     0.000156362     2.56525e-05      0.00310623 

 ***  Factor Rankings based on IVARS: 
         H        factor#1        factor#2        factor#3        -------> 
       0.1              15               3               5               2              13               9               4               7               8              14              10               6              12              11              16               1 
       0.3              15               3               5               2              14               9               4               7               8              13              10               6              12              11              16               1 
       0.5              15               3               5               2              14               9               4               6               8              13              10               7              12              11              16               1 

 ***  VARS-TO - Sobol Total-Order Effects calculated through VARS: 
                  factor#1        factor#2        factor#3        -------> 
                0.00460847        0.147278        0.108238        0.195418      0.00633783       0.0366428         0.12354       0.0628562       0.0333668      0.00661479       0.0375805       0.0505288      0.00794123       0.0222614      0.00365655        0.397196 

 ***  Factor Rankings based on VARS-TO: 
                  factor#1        factor#2        factor#3        -------> 
                        15               3               5               2              14               9               4               6              10              13               8               7              12              11              16               1 

 ***  VARS-ABE - Morris mean ABsolute Elementary effects across scales: 
   delta x        factor#1        factor#2        factor#3        -------> 
       0.1      0.00265952       0.0187205       0.0154751       0.0157947      0.00323001      0.00899182       0.0166134       0.0113117      0.00638974      0.00319247      0.00663702      0.00733765      0.00348547      0.00587471      0.00241353       0.0326878 
       0.2      0.00521621       0.0369727       0.0303674        0.030712      0.00630428       0.0175873       0.0327656       0.0225643       0.0120409      0.00626537        0.013184       0.0137973      0.00690668       0.0116372      0.00476732       0.0647189 
       0.3      0.00774257       0.0542789       0.0448896       0.0451659      0.00933904        0.025901       0.0487228       0.0336088       0.0171273      0.00928906       0.0197274       0.0197155       0.0103466       0.0173428      0.00712198       0.0959485 
       0.4        0.010205       0.0710098       0.0592011       0.0594993       0.0123679       0.0338743       0.0642473       0.0445828       0.0219408       0.0123285        0.026219       0.0252184       0.0136994       0.0230344      0.00942821        0.126571 
       0.5       0.0127065       0.0867833       0.0731451       0.0739475       0.0153774       0.0416517       0.0791165       0.0555861       0.0266809       0.0153522       0.0327569       0.0303359       0.0170633        0.028737       0.0117008        0.154533 
       0.6       0.0151836        0.101548       0.0863956        0.088538       0.0185451       0.0493669       0.0936482       0.0667938       0.0317212         0.01845       0.0393284        0.035569        0.020505       0.0344433       0.0140917        0.178937 
       0.7       0.0177122        0.115514       0.0997791        0.103604       0.0217256       0.0568588         0.10822       0.0782044       0.0372456       0.0215533       0.0460275       0.0412241       0.0239768       0.0402022       0.0165075        0.201293 
       0.8       0.0202086        0.128158        0.113059        0.119565       0.0249175       0.0646831        0.122871       0.0898841       0.0433206       0.0247535       0.0527179       0.0478341       0.0272961       0.0459819       0.0188819        0.219801 
       0.9       0.0227535        0.140201        0.125464        0.137038       0.0280803       0.0723375        0.136614        0.101213       0.0497614       0.0279298       0.0596331       0.0546651        0.030611        0.051633       0.0212305        0.233533 

 ***  VARS-ACE - Morris mean ACtual Elementary effects across scales: 
   delta x        factor#1        factor#2        factor#3        -------> 
       0.1     0.000962338      -0.0127668      -0.0128492      -0.0152264     -0.00281935      0.00616533       0.0134422       0.0105744      0.00480469      0.00290893       0.0066259      0.00331595      0.00321151      0.00570465     -0.00222256       -0.023027 
       0.2      0.00193032      -0.0256126      -0.0257362      -0.0298754     -0.00564176       0.0123558       0.0271382       0.0211038      0.00902455      0.00576967       0.0131795      0.00629288      0.00646893       0.0114063     -0.00445008      -0.0487019 
       0.3      0.00290266      -0.0387619      -0.0386177      -0.0442653     -0.00837948       0.0184948       0.0409737       0.0314257       0.0128291      0.00858518       0.0197261      0.00907985      0.00974143       0.0170895     -0.00668018      -0.0762063 
       0.4      0.00387109      -0.0521975      -0.0515559      -0.0586583      -0.0111114       0.0246085       0.0548327       0.0416779       0.0164904       0.0114415        0.026219       0.0117724       0.0129642       0.0227703     -0.00887907       -0.104056 
       0.5      0.00478438      -0.0653354      -0.0644833      -0.0732541      -0.0138413       0.0307753       0.0686109       0.0519842       0.0203969       0.0142786       0.0327569       0.0146044       0.0161848       0.0284618       -0.011041       -0.131045 
       0.6      0.00580663      -0.0782962      -0.0773338      -0.0879875      -0.0166671       0.0369127       0.0822491       0.0625169       0.0247356       0.0171622       0.0393284       0.0176586       0.0194462       0.0341554      -0.0133186       -0.156084 
       0.7      0.00677288      -0.0904445      -0.0901079       -0.103286      -0.0195521       0.0431545       0.0956053       0.0733267       0.0299346       0.0200321       0.0460275       0.0211863         0.02273       0.0398754      -0.0155871       -0.177815 
       0.8      0.00772128       -0.102451       -0.102945       -0.119501       -0.022567       0.0494232        0.108553       0.0844153       0.0360982       0.0230787       0.0527179       0.0251715       0.0258757       0.0456251      -0.0178003       -0.194807 
       0.9      0.00866104       -0.114901       -0.115643       -0.137038      -0.0253742        0.055488         0.12098       0.0951693       0.0432422       0.0261803       0.0596331       0.0298435       0.0289036       0.0513418       -0.020003       -0.207243 

 ********         Bootstrapping Results        ******** 
 ***  gamma_LL(h) - Lower Limits on Directional Variograms: 
         h        factor#1        factor#2        factor#3        -------> 
       0.1      5.7496e-06     0.000265978     0.000175892      0.00031915     8.28484e-06     6.23995e-05     0.000202889     9.21074e-05     6.55866e-05     7.80613e-06      3.8471e-05     8.45424e-05     9.57736e-06     2.65023e-05     4.58833e-06      0.00073824 
       0.2      2.1386e-05      0.00098039     0.000655007      0.00113679     2.99991e-05     0.000225862     0.000764388     0.000355978     0.000213443     2.87203e-05     0.000143823     0.000268746     3.60944e-05     0.000100107     1.70763e-05      0.00278776 
       0.3     4.63638e-05       0.0020291      0.00137464      0.00221182     6.43832e-05     0.000480578      0.00163747     0.000769484     0.000382076     6.19681e-05     0.000309001     0.000473761     7.92948e-05     0.000217587     3.68337e-05      0.00597779 
       0.4     7.92183e-05      0.00337824      0.00234467      0.00352971     0.000111344     0.000802658       0.0027914      0.00131918     0.000578488     0.000107498     0.000531126     0.000688012     0.000137347     0.000381999     6.38795e-05       0.0101504 
       0.5     0.000120847      0.00492409       0.0035046       0.0050233     0.000169869      0.00119052      0.00418337      0.00201488     0.000797223     0.000165095     0.000810423     0.000922147     0.000210804     0.000590596     9.81731e-05       0.0146298 
       0.6     0.000168151      0.00656918      0.00485287      0.00670951     0.000244589      0.00163673      0.00576881      0.00286268      0.00106097     0.000237657       0.0011518      0.00118414     0.000302585      0.00084229     0.000140639       0.0190584 
       0.7     0.000224911      0.00833422      0.00639252      0.00874833     0.000336506      0.00213186      0.00752406      0.00387435       0.0014016     0.000323618      0.00155269      0.00148927      0.00041293      0.00112948     0.000192811       0.0231444 
       0.8     0.000289639       0.0100869      0.00810058       0.0110904     0.000438248      0.00272266       0.0094862      0.00507763      0.00186558     0.000427396      0.00202001      0.00194822     0.000532884      0.00146661     0.000251383        0.026836 
       0.9     0.000362618       0.0119207      0.00992449       0.0139256     0.000549282      0.00335812       0.0115434      0.00637857      0.00246116      0.00054296      0.00256047      0.00255169     0.000667712      0.00185969     0.000323182       0.0298528 

 ***  gamma_UL(h) - Upper Limits on Directional Variograms: 
         h        factor#1        factor#2        factor#3        -------> 
       0.1     1.42892e-05     0.000387368     0.000261874     0.000690248     1.79713e-05     0.000104714     0.000280795     0.000146773     0.000166674     1.79375e-05     0.000103107     0.000236564     1.96319e-05     5.40352e-05     1.02819e-05     0.000980918 
       0.2      4.8933e-05      0.00140564     0.000975206      0.00250731     6.22037e-05     0.000375578      0.00107658     0.000567786     0.000546868     6.69694e-05     0.000396751     0.000830181     7.54318e-05     0.000211192     3.76702e-05      0.00363236 
       0.3     0.000105574      0.00294637       0.0020785      0.00511454     0.000131947     0.000787881      0.00233296      0.00121611     0.000976152     0.000147143     0.000878669      0.00164211     0.000167543     0.000474367     7.89943e-05      0.00780946 
       0.4     0.000174227      0.00498376      0.00359502       0.0082131     0.000231321      0.00128067      0.00402191      0.00207546       0.0014526     0.000262377      0.00151974      0.00256447     0.000292287     0.000822703     0.000130559        0.013188 
       0.5     0.000261026       0.0074048      0.00546908       0.0116506     0.000348924      0.00184467      0.00608246      0.00313742      0.00203999     0.000407815      0.00235197      0.00364951     0.000449962      0.00127848     0.000195193       0.0192398 
       0.6      0.00035752       0.0100412      0.00762634       0.0152695     0.000505584      0.00250866      0.00843846      0.00445496      0.00270872     0.000585426      0.00333721      0.00482346     0.000642784      0.00182675     0.000288796       0.0251349 
       0.7     0.000475345       0.0127311       0.0100639       0.0192005     0.000689341      0.00328271       0.0110426      0.00603636      0.00356956     0.000783055      0.00449758      0.00617987     0.000876855      0.00248539     0.000410012       0.0306804 
       0.8     0.000606984        0.015374       0.0127049       0.0234219      0.00089902      0.00421017       0.0139253      0.00791217       0.0047289      0.00100696      0.00576305      0.00773921      0.00112128      0.00317851     0.000537706       0.0355792 
       0.9     0.000757141       0.0180843       0.0153767       0.0282882      0.00115207       0.0051781       0.0168504      0.00995945      0.00617581      0.00129156      0.00711267      0.00945738      0.00137066      0.00395052     0.000680383       0.0393957 

 ***  IVARS_LL(H) - Lower Limits on Integrated Variograms: 
         H        factor#1        factor#2        factor#3        -------> 
       0.1      2.8748e-07     1.32989e-05     8.79458e-06     1.59575e-05     4.14242e-07     3.11997e-06     1.01445e-05     4.60537e-06     3.27933e-06     3.90307e-07     1.92355e-06     4.22712e-06     4.78868e-07     1.32512e-06     2.29417e-07      3.6912e-05 
       0.3     5.03237e-06     0.000226878     0.000151991     0.000257556     7.03336e-06     5.31116e-05     0.000178705     8.34035e-05     4.70801e-05     6.73449e-06       3.359e-05     6.01829e-05     8.54838e-06     2.35238e-05     4.00845e-06      0.00065166 
       0.5      2.1506e-05     0.000915524     0.000632075      0.00097761     3.00082e-05     0.000217501     0.000750794     0.000354294      0.00016547     2.89735e-05     0.000143269      0.00019966      3.6826e-05      0.00010211     1.71251e-05      0.00270297 

 ***  IVARS_UL(H) - Upper Limits on Integrated Variograms: 
         H        factor#1        factor#2        factor#3        -------> 
       0.1     7.14458e-07     1.93684e-05     1.30937e-05     3.45124e-05     8.98565e-07      5.2357e-06     1.40397e-05     7.33863e-06     8.33371e-06     8.96877e-07     5.15534e-06     1.18282e-05     9.81597e-07     2.70176e-06     5.14095e-07     4.90459e-05 
       0.3     1.15638e-05     0.000325552     0.000226905     0.000576032     1.46334e-05     8.71684e-05     0.000252446      0.00013209     0.000119586     1.58078e-05     9.43865e-05     0.000188597     1.78905e-05     5.02353e-05     8.76861e-06     0.000850552 
       0.5     4.72706e-05      0.00134036     0.000962482      0.00223038     6.15826e-05     0.000346115      0.00107344     0.000557392     0.000413222     6.97688e-05     0.000407374     0.000704021     7.79827e-05     0.000220363     3.55996e-05      0.00351287 

 ***  VARS-TO_LL - Lower Limits on Sobol Total-Order Effects calculated through VARS: 
                  factor#1        factor#2        factor#3        -------> 
                0.00295254        0.117443       0.0846172        0.121316      0.00427426       0.0292044         0.10126       0.0495821       0.0193351       0.0040986       0.0198262       0.0222733      0.00523446       0.0144564      0.00242962        0.346088 

 ***  VARS-TO_UL - Lower Limits on Sobol Total-Order Effects calculated through VARS: 
                  factor#1        factor#2        factor#3        -------> 
                0.00629387        0.176974        0.132918        0.279752      0.00873445       0.0451419        0.146938       0.0775111       0.0494035      0.00997216       0.0575459       0.0881541       0.0111608       0.0315391      0.00507381        0.452537 

 ***  Reliability Estimates of Factor Rankings based on IVARS: 
         H        factor#1        factor#2        factor#3        -------> 
       0.1           0.807           0.939           0.781            0.94           0.613            0.67           0.826           0.478           0.414           0.579           0.802            0.63           0.874           0.994           0.946           0.999 
       0.3           0.789           0.922           0.839           0.923           0.509            0.43           0.863           0.505           0.495           0.474           0.618           0.497           0.958           0.989           0.922           0.999 
       0.5           0.787           0.866           0.855           0.879           0.587           0.304           0.852           0.636           0.337           0.551           0.429            0.42           0.964           0.969           0.914           0.999 

 ***  Reliability Estimates of Factor Rankings based on VARS-TO: 
                  factor#1        factor#2        factor#3        -------> 
                     0.754           0.802           0.843           0.826           0.597           0.281           0.797           0.793           0.368           0.566           0.412           0.459           0.972           0.913           0.862           0.999 

 ***  Factor Grouping based on VARS-TO & IVARS50: 
                  factor#1        factor#2        factor#3        -------> 
 VARS-TO              3               4               4               4               3               2               4               2               2               3               2               2               3               2               3               1 
 IVARS50              2               3               3               3               2               1               3               1               1               2               1               1               2               1               2               3 

 ***  Reliability Estimates of Rankings based on Factor Grouping: 
                  factor#1        factor#2        factor#3        -------> 
 VARS-TO              1               1           0.978           0.998               1               1               1           0.999               1               1               1           0.978               1               1               1           0.999 
 IVARS50              1               1           0.908               1               1               1           0.986               1           0.999               1               1           0.895               1               1               1               1 
