 -------- Variogram Analysis of Response Surfaces (VARS) Output File -------- 
 VARS settings: 
 Target Number of Stars = 100 
 Current Number of Stars = 50 
 minimum h = 0.1 
 Bootstrap Size = 1000 
 Bootstrap Confidence Level = 0.9 

 ***  gamma(h) - Directional Variograms: 
         h        factor#1        factor#2        factor#3        -------> 
       0.1     1.89138e-08     1.09813e-06     7.03275e-07     4.38558e-07     6.30321e-08      1.6435e-07     3.13545e-07     5.53737e-08     4.47386e-08      7.0139e-08     6.19376e-08     1.28698e-07     2.09235e-07     6.96611e-07     6.45626e-08     1.07969e-06 
       0.2      7.8827e-08     3.12061e-06     2.74025e-06       1.683e-06     2.36493e-07     5.78376e-07     1.15338e-06     2.18983e-07     1.73694e-07     2.83462e-07     2.43623e-07     4.90735e-07     7.33789e-07     2.04365e-06     2.46174e-07     4.05869e-06 
       0.3     1.82692e-07      5.4056e-06     6.05932e-06     3.69521e-06     5.04418e-07     1.11827e-06     2.39702e-06     4.88359e-07     3.76851e-07     6.41442e-07       5.399e-07     1.06307e-06     1.45108e-06     3.99192e-06     5.16074e-07     8.86938e-06 
       0.4     3.30167e-07     8.70562e-06     1.07962e-05     6.39245e-06     8.66348e-07     1.57899e-06     4.02564e-06     8.62269e-07     6.46121e-07     1.14463e-06     9.47129e-07     1.80734e-06     2.23808e-06     6.58721e-06     8.51992e-07     1.52404e-05 
       0.5     5.17078e-07     1.30038e-05     1.66363e-05     9.66098e-06     1.31812e-06     2.00019e-06     6.06643e-06     1.34024e-06     9.75658e-07     1.77364e-06     1.46419e-06     2.66381e-06     2.99666e-06     9.84162e-06     1.24659e-06     2.31322e-05 
       0.6     7.35485e-07     1.81961e-05     2.14789e-05     1.34849e-05     1.84378e-06     2.33368e-06     8.56773e-06     1.92244e-06     1.36126e-06      2.4742e-06     2.09317e-06     3.59237e-06     3.80693e-06     1.38699e-05     1.69328e-06     3.28373e-05 
       0.7     9.74223e-07      2.3916e-05     2.51335e-05     1.78067e-05     2.41958e-06     2.52365e-06     1.16007e-05     2.60993e-06     1.79908e-06     3.17517e-06     2.84039e-06     4.50274e-06     4.87149e-06     1.88366e-05     2.19273e-06     4.38846e-05 
       0.8     1.22026e-06     3.01713e-05     2.81557e-05     2.24569e-05     3.02415e-06     2.76596e-06     1.52776e-05      3.4054e-06     2.28616e-06     3.85053e-06     3.71642e-06     5.21591e-06     6.26177e-06     2.49267e-05     2.76904e-06     5.58216e-05 
       0.9     1.46135e-06     3.76935e-05     3.10041e-05     2.77431e-05     3.68118e-06     3.01463e-06     1.96949e-05      4.3145e-06     2.82086e-06     4.54884e-06     4.73529e-06     5.64477e-06      8.0491e-06      3.3908e-05     3.45681e-06     7.00419e-05 

 ***  COV(h) - Directional Covariograms: 
         h        factor#1        factor#2        factor#3        -------> 
       0.1     3.91641e-05     2.75489e-05      8.2621e-05     3.32015e-05     3.80928e-05     3.85902e-05     3.16797e-05     4.07007e-05     3.90466e-05     3.95552e-05     4.03588e-05     4.24855e-05     3.75109e-05      4.7496e-05     4.27363e-05     3.06025e-05 
       0.2     3.90705e-05     2.48401e-05     8.04089e-05     3.15248e-05     3.78616e-05     3.81482e-05     3.04679e-05     4.04229e-05     3.88877e-05     3.92523e-05     4.00421e-05      4.2036e-05     3.68905e-05     4.55573e-05     4.25523e-05     2.64601e-05 
       0.3     3.89632e-05     2.24089e-05     7.70279e-05     2.94527e-05      3.7568e-05      3.7654e-05     2.92636e-05      4.0155e-05     3.86865e-05     3.88729e-05     3.97499e-05     4.14036e-05     3.62483e-05     4.38012e-05     4.22925e-05     2.16127e-05 
       0.4     3.88463e-05     1.98376e-05      7.2646e-05     2.71728e-05     3.72454e-05     3.72285e-05     2.80474e-05      3.9897e-05      3.8449e-05     3.84442e-05     3.94816e-05      4.0701e-05     3.56386e-05     4.21785e-05     4.19692e-05     1.65232e-05 
       0.5     3.87247e-05     1.70453e-05     6.68895e-05     2.47881e-05     3.69101e-05     3.68442e-05     2.67941e-05     3.96495e-05     3.81804e-05     3.80053e-05      3.9237e-05     3.99911e-05     3.50664e-05     4.06734e-05     4.15942e-05     1.11044e-05 
       0.6     3.86043e-05     1.41116e-05     6.21724e-05       2.229e-05     3.65591e-05     3.65661e-05      2.5474e-05     3.94131e-05     3.78863e-05     3.75899e-05     3.90168e-05     3.92823e-05     3.45356e-05     3.92689e-05     4.11769e-05     5.10896e-06 
       0.7     3.84914e-05      1.1347e-05     5.94158e-05     1.96785e-05      3.6172e-05     3.64892e-05     2.40597e-05     3.91882e-05     3.75734e-05      3.7221e-05     3.88208e-05     3.85914e-05       3.404e-05     3.80292e-05     4.07232e-05    -8.87107e-07 
       0.8     3.83918e-05     8.23098e-06      5.6877e-05     1.69573e-05     3.57242e-05     3.65498e-05       2.254e-05     3.89759e-05     3.72486e-05      3.6901e-05     3.86468e-05     3.79514e-05     3.35563e-05     3.72441e-05      4.0241e-05    -6.71364e-06 
       0.9     3.83099e-05     4.97325e-06     5.43361e-05     1.39877e-05     3.51978e-05     3.66387e-05     2.09711e-05     3.87784e-05     3.69177e-05     3.66128e-05     3.84903e-05     3.73763e-05     3.30997e-05      3.7508e-05     3.97436e-05    -1.28148e-05 

 ***  ECOV(h) - Directional Expected Covariograms: 
         h        factor#1        factor#2        factor#3        -------> 
       0.1     2.64142e-07      6.3195e-06     7.92171e-06     4.84416e-06     6.61007e-07     8.99076e-07     3.03163e-06     6.84552e-07     4.87869e-07     8.90222e-07     7.45598e-07     1.32791e-06     1.41419e-06     4.74251e-06     6.12406e-07     1.16671e-05 
       0.2      1.7702e-07     3.73837e-06     5.35911e-06      3.1456e-06      4.2454e-07     4.17402e-07     1.89944e-06      4.5091e-07     3.12129e-07     5.95001e-07     4.88463e-07     8.38881e-07     7.88018e-07     3.00194e-06      3.7848e-07     7.57186e-06 
       0.3     6.95237e-08     1.33929e-06     1.77478e-06     1.10795e-06     1.49233e-07    -9.99591e-08     7.00133e-07     1.82695e-07     1.09703e-07     2.16675e-07     1.95392e-07     2.26124e-07     1.17482e-07     1.11668e-06     1.12341e-07     2.73911e-06 
       0.4    -5.41404e-08    -1.37139e-06    -2.70772e-06    -1.12341e-06     -1.5376e-07    -4.89091e-07    -5.94499e-07    -1.19896e-07     -1.1202e-07    -2.19743e-07    -1.33276e-07    -4.20823e-07    -5.11451e-07    -9.13061e-07    -1.68164e-07    -2.45967e-06 
       0.5    -1.88827e-07    -4.35359e-06    -7.29121e-06     -3.4619e-06    -4.75275e-07    -8.22968e-07    -2.01369e-06    -4.56473e-07    -3.47246e-07    -6.77694e-07    -4.97163e-07    -1.05095e-06    -1.06191e-06    -3.14073e-06     -4.4951e-07    -8.01097e-06 
       0.6    -3.28898e-07    -7.57205e-06    -1.02487e-05    -5.89079e-06    -8.05553e-07    -1.02547e-06    -3.58259e-06    -8.26575e-07    -5.91383e-07    -1.12167e-06     -8.9638e-07       -1.64e-06    -1.55999e-06    -5.62891e-06    -7.26315e-07    -1.42052e-05 
       0.7    -4.68556e-07    -1.08202e-05    -1.22626e-05    -8.35049e-06    -1.13529e-06    -9.75642e-07    -5.31825e-06    -1.22983e-06    -8.39665e-07     -1.5243e-06    -1.33264e-06    -2.13465e-06     -2.0823e-06     -8.4204e-06     -1.0021e-06    -2.05668e-05 
       0.8     -6.0239e-07    -1.43564e-05    -1.38275e-05    -1.07759e-05    -1.45406e-06    -8.62951e-07    -7.22513e-06    -1.66614e-06    -1.08738e-06    -1.88466e-06    -1.80962e-06    -2.47007e-06    -2.67523e-06    -1.16046e-05    -1.28225e-06    -2.67374e-05 
       0.9    -7.26339e-07    -1.79505e-05    -1.51776e-05    -1.32968e-05    -1.76909e-06    -8.13215e-07    -9.27403e-06    -2.13615e-06    -1.33019e-06    -2.23265e-06    -2.33282e-06    -2.62558e-06     -3.3124e-06    -1.58512e-05    -1.57871e-06    -3.35506e-05 

 ***  IVARS(H) - Integrated Variograms: 
         H        factor#1        factor#2        factor#3        -------> 
       0.1     9.45692e-10     5.49063e-08     3.51637e-08     2.19279e-08     3.15161e-09     8.21749e-09     1.56773e-08     2.76868e-09     2.23693e-09     3.50695e-09     3.09688e-09      6.4349e-09     1.04618e-08     3.48305e-08     3.22813e-09     5.39847e-08 
       0.3     1.89087e-08     6.92153e-07     6.47319e-07     3.96916e-07     5.51734e-08     1.30186e-07     2.66544e-07     5.18537e-08     4.06858e-08     6.74322e-08      5.7551e-08     1.15097e-07     1.66857e-07     4.73622e-07     5.68774e-08     9.57307e-07 
       0.5     8.69139e-08     2.48318e-06     2.86172e-06     1.70397e-06     2.32935e-07     4.44009e-07     1.09228e-06     2.29511e-07     1.72923e-07     3.02649e-07     2.52469e-07     4.82175e-07     6.13052e-07     1.82402e-06      2.3021e-07     4.08143e-06 

 ***  Factor Rankings based on IVARS: 
         H        factor#1        factor#2        factor#3        -------> 
       0.1              16               1               3               5              12               8               6              14              15              10              13               9               7               4              11               2 
       0.3              16               2               3               5              13               8               6              14              15              10              11               9               7               4              12               1 
       0.5              16               3               2               5              12               9               6              14              15              10              11               8               7               4              13               1 

 ***  VARS-TO - Sobol Total-Order Effects calculated through VARS: 
                  factor#1        factor#2        factor#3        -------> 
                0.00676062        0.177166        0.206003        0.126175       0.0172933       0.0253993       0.0798976       0.0176727        0.012721       0.0229377       0.0192875       0.0347901       0.0387746         0.12991        0.016169        0.304451 

 ***  Factor Rankings based on VARS-TO: 
                  factor#1        factor#2        factor#3        -------> 
                        16               3               2               5              13               9               6              12              15              10              11               8               7               4              14               1 

 ***  VARS-ABE - Morris mean ABsolute Elementary effects across scales: 
   delta x        factor#1        factor#2        factor#3        -------> 
       0.1     9.08048e-05      0.00093039      0.00050996     0.000626447     0.000255781      0.00025996     0.000561178     0.000233115     0.000146664     0.000251525     0.000212412     0.000183165     0.000378034     0.000669107     0.000243312      0.00112756 
       0.2     0.000182966      0.00177795      0.00102951      0.00124651       0.0005068     0.000519508      0.00109943      0.00046499     0.000293233     0.000503265     0.000422437     0.000363735     0.000745026      0.00128581     0.000482291      0.00223928 
       0.3     0.000275899      0.00255148      0.00156713      0.00186913      0.00075308     0.000772083      0.00161815     0.000697045      0.00044229      0.00075462     0.000629634      0.00055349      0.00109974      0.00188138     0.000714949      0.00335301 
       0.4     0.000368904      0.00330929      0.00213104      0.00249085     0.000994971     0.000995347      0.00213001     0.000929101     0.000591701       0.0010112     0.000834879      0.00074185      0.00142401      0.00247731     0.000941318      0.00443598 
       0.5     0.000461338      0.00409452      0.00270461      0.00311201      0.00122809      0.00120748      0.00264148      0.00116104     0.000740435      0.00126631      0.00103757     0.000927196      0.00171762      0.00307695      0.00115388      0.00549341 
       0.6     0.000552501      0.00486954      0.00318227      0.00373627      0.00145976      0.00139999      0.00316188      0.00139292     0.000887552      0.00151255      0.00124043      0.00111011      0.00200667      0.00368867      0.00136382       0.0065552 
       0.7     0.000641989       0.0055889      0.00358558      0.00436129      0.00168609      0.00155749      0.00371032      0.00162479      0.00103201      0.00174763      0.00144231      0.00128556      0.00232259      0.00430614      0.00156276      0.00757267 
       0.8     0.000728595      0.00624175      0.00394939      0.00498596      0.00189707      0.00173858      0.00428253       0.0018571      0.00117293      0.00197183      0.00165082      0.00144511         0.00266      0.00491786      0.00175246       0.0085148 
       0.9     0.000811529      0.00694343      0.00429791      0.00563651      0.00209121       0.0018853      0.00488022       0.0020899      0.00130983      0.00219097      0.00186239      0.00158632       0.0030211      0.00554944       0.0019409      0.00951917 

 ***  VARS-ACE - Morris mean ACtual Elementary effects across scales: 
   delta x        factor#1        factor#2        factor#3        -------> 
       0.1     4.19694e-05    -0.000740344    -0.000433359    -0.000626279    -0.000232302     0.000205338     0.000469605     0.000231668     0.000145537     0.000187044     0.000206119     0.000170575     0.000253969     0.000573967     -0.00020479    -0.000984472 
       0.2     8.24706e-05     -0.00146838    -0.000878715     -0.00124649    -0.000473487     0.000421883     0.000942261     0.000463093     0.000293233     0.000366094     0.000411033     0.000350051     0.000513825      0.00111123     -0.00041293     -0.00198637 
       0.3     0.000121867     -0.00215899     -0.00133785     -0.00186913    -0.000720315     0.000643231      0.00141888     0.000694469      0.00044229     0.000537988     0.000615478     0.000533746     0.000776842      0.00163274    -0.000626231      -0.0030449 
       0.4     0.000160857      -0.0028561     -0.00181497     -0.00249085    -0.000968559     0.000852544       0.0018964     0.000925863     0.000591701     0.000706842     0.000819945     0.000716407      0.00103946      0.00215882    -0.000843087     -0.00409874 
       0.5     0.000200356     -0.00356895       -0.002298     -0.00311201     -0.00121455      0.00106208      0.00237241       0.0011573     0.000740435     0.000878941      0.00102471     0.000896581      0.00130032      0.00269219     -0.00105726     -0.00512447 
       0.6     0.000241285     -0.00428416     -0.00272246     -0.00373627     -0.00145284      0.00127882      0.00284461       0.0013888     0.000887552      0.00106026      0.00122992      0.00107461      0.00155918      0.00323824     -0.00126463     -0.00614812 
       0.7     0.000284356     -0.00503765     -0.00312166     -0.00436129     -0.00168074      0.00150087      0.00331071      0.00162043      0.00103201      0.00125531      0.00143612      0.00124541      0.00181263      0.00380972     -0.00146121     -0.00710477 
       0.8     0.000329882     -0.00587352     -0.00351486     -0.00498596     -0.00189395      0.00168753      0.00376905      0.00185237      0.00117293      0.00146438      0.00164413       0.0014002       0.0020553      0.00444491     -0.00165172     -0.00794546 
       0.9     0.000377724     -0.00666309     -0.00390023     -0.00563651     -0.00209072      0.00184804      0.00422644      0.00208501      0.00130983      0.00168339      0.00185507      0.00153517      0.00228572       0.0051657     -0.00184311     -0.00886024 

 ********         Bootstrapping Results        ******** 
 ***  gamma_LL(h) - Lower Limits on Directional Variograms: 
         h        factor#1        factor#2        factor#3        -------> 
       0.1      3.2483e-09     5.64912e-07     1.45109e-07      2.7665e-07     3.91118e-08     3.03456e-08     2.11261e-07     3.39556e-08     1.27979e-08     3.50953e-08     3.50184e-08     3.51838e-08     8.43319e-08     2.74181e-07     3.43019e-08      8.0155e-07 
       0.2     1.28548e-08     2.00798e-06     5.72353e-07     1.03681e-06     1.55838e-07     1.19973e-07     7.82284e-07     1.34735e-07     5.06725e-08     1.39436e-07     1.38106e-07      1.2282e-07     3.34626e-07     1.02824e-06     1.36529e-07     2.99702e-06 
       0.3     2.86012e-08     3.97276e-06     1.24875e-06     2.21352e-06     3.42622e-07      2.6479e-07     1.65544e-06     3.01173e-07     1.11964e-07     3.12379e-07     3.07438e-07     2.51042e-07       7.459e-07     2.21718e-06     3.05182e-07     6.56601e-06 
       0.4     5.01966e-08     6.43951e-06     2.18862e-06     3.80211e-06      5.9415e-07     4.61786e-07     2.80192e-06     5.32385e-07     1.96533e-07     5.52512e-07     5.37241e-07     4.12248e-07     1.26301e-06     3.77002e-06       5.311e-07     1.12311e-05 
       0.5     7.75623e-08     9.49632e-06      3.3753e-06     5.75645e-06     9.07706e-07     7.02767e-07     4.23451e-06     8.27576e-07     3.03116e-07     8.60354e-07      8.3342e-07     5.82034e-07      1.9188e-06     5.70279e-06     8.20279e-07     1.70296e-05 
       0.6     1.09449e-07     1.32129e-05      4.7681e-06     8.20452e-06     1.27683e-06      9.9941e-07     5.96824e-06     1.17773e-06     4.30321e-07     1.23693e-06     1.19209e-06     8.06386e-07     2.60672e-06     8.10655e-06     1.14243e-06     2.41272e-05 
       0.7     1.48097e-07     1.71512e-05     6.19732e-06     1.11156e-05     1.68406e-06     1.34147e-06     8.07542e-06     1.58855e-06     5.77986e-07     1.68264e-06     1.61353e-06     1.07739e-06     3.42085e-06     1.08621e-05     1.45107e-06     3.18913e-05 
       0.8     1.92803e-07     2.11106e-05      7.5744e-06     1.44093e-05     2.12243e-06     1.74144e-06      1.0609e-05     2.05682e-06     7.46173e-07     2.19076e-06     2.10704e-06     1.40532e-06     4.43065e-06     1.37252e-05      1.7912e-06     4.01363e-05 
       0.9     2.43137e-07     2.59172e-05      9.2157e-06     1.80553e-05     2.54693e-06     2.08193e-06     1.36266e-05     2.59594e-06     9.20371e-07     2.76281e-06     2.67099e-06     1.80133e-06     5.63641e-06     1.69333e-05     2.20816e-06     4.96748e-05 

 ***  gamma_UL(h) - Upper Limits on Directional Variograms: 
         h        factor#1        factor#2        factor#3        -------> 
       0.1     4.84956e-08      1.7533e-06     1.65106e-06     6.37183e-07     9.17863e-08     4.15898e-07     4.25457e-07     8.00582e-08     9.12865e-08     1.18551e-07     9.37764e-08     2.56956e-07     3.74157e-07     1.37374e-06     1.03846e-07     1.40102e-06 
       0.2     2.03895e-07     4.43294e-06     6.44574e-06     2.47436e-06     3.31058e-07     1.43072e-06     1.54837e-06     3.16208e-07     3.48363e-07     4.82504e-07      3.7011e-07     1.00732e-06     1.21804e-06      3.5337e-06      3.8243e-07     5.26817e-06 
       0.3     4.75643e-07     6.92616e-06     1.43377e-05     5.55748e-06     6.93212e-07     2.68009e-06      3.2053e-06     7.04571e-07       7.477e-07     1.10059e-06     8.25133e-07     2.25915e-06     2.29484e-06     6.53001e-06     7.63868e-07     1.15113e-05 
       0.4     8.64019e-07      1.1069e-05     2.57778e-05     9.68484e-06     1.17355e-06     3.55784e-06     5.35957e-06     1.24359e-06     1.25583e-06     1.97204e-06     1.45127e-06     3.95101e-06     3.37361e-06     1.04602e-05     1.22356e-06     1.98231e-05 
       0.5     1.35675e-06     1.66192e-05     3.97308e-05     1.45937e-05      1.7737e-06     4.18669e-06     8.10403e-06     1.93278e-06     1.86997e-06     3.04981e-06     2.25566e-06      5.8872e-06       4.286e-06     1.54558e-05      1.7571e-06      3.0234e-05 
       0.6      1.9303e-06      2.3366e-05     5.03621e-05     2.00532e-05     2.47217e-06     4.42156e-06     1.14028e-05     2.77169e-06     2.59769e-06     4.17453e-06     3.23135e-06     7.92696e-06     5.14554e-06     2.18265e-05     2.35617e-06     4.31075e-05 
       0.7     2.55015e-06     3.09218e-05     5.75355e-05      2.6031e-05     3.21503e-06     4.12489e-06     1.55008e-05     3.76605e-06     3.45556e-06     5.11612e-06     4.38268e-06      9.7394e-06     6.47142e-06     3.00146e-05     3.09274e-06     5.78096e-05 
       0.8     3.17707e-06     3.93449e-05     6.21877e-05     3.21365e-05     4.02102e-06      4.0147e-06      2.0447e-05     4.92981e-06     4.39663e-06     5.93119e-06     5.73567e-06     1.07744e-05     8.31625e-06     4.06516e-05     3.94293e-06      7.3976e-05 
       0.9     3.77496e-06     4.95342e-05     6.54855e-05     3.88008e-05     5.00957e-06     4.04733e-06     2.64901e-05     6.24751e-06     5.48614e-06     6.65279e-06     7.31421e-06     1.10135e-05      1.0838e-05     5.97846e-05     4.95693e-06     9.34873e-05 

 ***  IVARS_LL(H) - Lower Limits on Integrated Variograms: 
         H        factor#1        factor#2        factor#3        -------> 
       0.1     1.62415e-10     2.82456e-08     7.25544e-09     1.38325e-08     1.95559e-09     1.51728e-09     1.05631e-08     1.69778e-09     6.39894e-10     1.75476e-09     1.75092e-09     1.75919e-09     4.21659e-09      1.3709e-08      1.7151e-09     4.00775e-08 
       0.3     3.04003e-09     4.69892e-07     1.34633e-07     2.41177e-07     3.67127e-08     2.82449e-08      1.8233e-07     3.19097e-08     1.19512e-08     3.30854e-08     3.26914e-08     2.86622e-08     7.91908e-08     2.40855e-07     3.23984e-08     7.08405e-07 
       0.5     1.33445e-08      1.8395e-06     5.82113e-07     1.02475e-06     1.58524e-07     1.23036e-07     7.61112e-07     1.41608e-07     5.24118e-08     1.46997e-07      1.4319e-07     1.12631e-07     3.42206e-07     1.02009e-06     1.42413e-07      3.0273e-06 

 ***  IVARS_UL(H) - Upper Limits on Integrated Variograms: 
         H        factor#1        factor#2        factor#3        -------> 
       0.1     2.42478e-09     8.76652e-08     8.25531e-08     3.18591e-08     4.58931e-09     2.07949e-08     2.12728e-08     4.00291e-09     4.56432e-09     5.92753e-09     4.68882e-09     1.28478e-08     1.87079e-08     6.86872e-08     5.19232e-09     7.00508e-08 
       0.3     4.90212e-08     9.53908e-07     1.52584e-06      5.8762e-07     7.66539e-08     3.18666e-07     3.57186e-07     7.48551e-08      8.1634e-08     1.15077e-07     8.76323e-08     2.38488e-07       2.732e-07     8.15871e-07     8.67917e-08     1.23973e-06 
       0.5     2.27003e-07     3.17206e-06     6.81084e-06     2.56782e-06     3.17688e-07     1.01819e-06     1.45111e-06     3.31118e-07     3.38352e-07     5.20158e-07       3.869e-07     1.04343e-06     9.31766e-07     2.95211e-06     3.32812e-07     5.29854e-06 

 ***  VARS-TO_LL - Lower Limits on Sobol Total-Order Effects calculated through VARS: 
                  factor#1        factor#2        factor#3        -------> 
                 0.0010128        0.130105       0.0443144       0.0757132       0.0119727      0.00924604       0.0559037       0.0108463      0.00397578       0.0113673       0.0110084      0.00753782       0.0251346       0.0763292       0.0107857         0.22462 

 ***  VARS-TO_UL - Lower Limits on Sobol Total-Order Effects calculated through VARS: 
                  factor#1        factor#2        factor#3        -------> 
                  0.017725        0.225738        0.485589        0.189202       0.0232233       0.0523073        0.106756       0.0254883       0.0243766       0.0388263       0.0297854       0.0767265       0.0550649        0.202083       0.0227455        0.397688 

 ***  Reliability Estimates of Factor Rankings based on IVARS: 
         H        factor#1        factor#2        factor#3        -------> 
       0.1           0.965           0.418           0.193           0.629           0.275           0.273            0.63           0.251           0.685           0.536           0.183           0.525           0.518           0.498           0.439           0.414 
       0.3            0.95           0.547           0.231           0.587           0.248           0.326           0.653           0.237           0.704           0.575           0.171           0.476           0.655           0.775           0.354           0.744 
       0.5           0.945           0.544           0.387             0.5           0.148           0.276           0.682             0.2           0.707           0.591           0.263           0.351           0.737            0.72           0.261            0.77 

 ***  Reliability Estimates of Factor Rankings based on VARS-TO: 
                  factor#1        factor#2        factor#3        -------> 
                     0.936           0.572           0.405           0.462           0.252           0.484           0.678           0.193           0.692           0.576           0.302           0.339            0.66           0.698           0.297           0.782 

 ***  Factor Grouping based on VARS-TO & IVARS50: 
                  factor#1        factor#2        factor#3        -------> 
 VARS-TO              1               2               2               2               3               3               2               3               3               3               3               3               3               2               3               2 
 IVARS50              2               1               1               1               2               2               1               2               2               2               2               2               1               1               2               1 

 ***  Reliability Estimates of Rankings based on Factor Grouping: 
                  factor#1        factor#2        factor#3        -------> 
 VARS-TO          0.936               1           0.978               1               1               1           0.964           0.949               1               1               1           0.945           0.997               1           0.987               1 
 IVARS50              1               1           0.929               1               1           0.682           0.994               1               1               1               1           0.944           0.703               1               1               1 
