 -------- Variogram Analysis of Response Surfaces (VARS) Output File -------- 
 VARS settings: 
 Target Number of Stars = 100 
 Current Number of Stars = 100 
 minimum h = 0.1 
 Bootstrap Size = 1000 
 Bootstrap Confidence Level = 0.9 

 ***  gamma(h) - Directional Variograms: 
         h        factor#1        factor#2        factor#3        -------> 
       0.1     1.25744e-08     1.52379e-06     4.50409e-07     4.74285e-07     5.43939e-08      1.0191e-07       2.798e-07      5.0186e-08     3.97551e-08     5.42609e-08     4.94985e-08     8.40778e-08     1.50003e-07     4.78497e-07     5.14008e-08      1.0078e-06 
       0.2     5.13724e-08     3.68439e-06     1.74037e-06     1.70301e-06     2.06484e-07     3.66722e-07      1.0628e-06     1.98285e-07     1.50483e-07     2.18102e-07     1.95203e-07     3.03899e-07      5.4664e-07     1.52657e-06     1.99492e-07     3.80994e-06 
       0.3     1.16627e-07     6.10938e-06     3.82061e-06     3.50151e-06     4.42986e-07     7.29988e-07     2.28122e-06     4.41567e-07     3.20663e-07     4.91435e-07     4.33816e-07     6.36798e-07     1.12184e-06     3.10786e-06     4.29411e-07     8.48839e-06 
       0.4     2.06834e-07     9.49563e-06     6.75434e-06      5.8041e-06     7.60303e-07     1.08684e-06     3.91793e-06     7.78526e-07       5.434e-07     8.73712e-07     7.62848e-07     1.06288e-06     1.79901e-06     5.23694e-06     7.29244e-07     1.48284e-05 
       0.5     3.19052e-07     1.37547e-05     1.03923e-05     8.59847e-06     1.15506e-06     1.45341e-06     5.98016e-06     1.20878e-06     8.16453e-07     1.35518e-06     1.18086e-06     1.55536e-06     2.51563e-06     7.91041e-06     1.09479e-06     2.26999e-05 
       0.6     4.49151e-07     1.88997e-05     1.37029e-05     1.19351e-05     1.61984e-06     1.79819e-06     8.48702e-06     1.73305e-06     1.14153e-06     1.90883e-06     1.68785e-06     2.09978e-06     3.31435e-06     1.11835e-05     1.52189e-06     3.22822e-05 
       0.7     5.91976e-07     2.47028e-05     1.66214e-05     1.58942e-05     2.14472e-06      2.0842e-06     1.14693e-05     2.35321e-06     1.52343e-06     2.49917e-06     2.28625e-06     2.66061e-06     4.30662e-06     1.51498e-05     2.01029e-06     4.29973e-05 
       0.8     7.41616e-07     3.12379e-05     1.94724e-05     2.05989e-05     2.72227e-06     2.40353e-06     1.49777e-05     3.07241e-06     1.97013e-06     3.11356e-06      2.9816e-06       3.166e-06     5.52763e-06     1.99107e-05     2.57261e-06     5.42604e-05 
       0.9     8.92053e-07     3.90123e-05     2.25435e-05     2.64444e-05     3.36773e-06     2.73452e-06     1.90789e-05     3.89555e-06      2.4922e-06     3.77516e-06     3.78284e-06     3.60851e-06     7.00964e-06      2.6341e-05     3.22523e-06     6.78025e-05 

 ***  COV(h) - Directional Covariograms: 
         h        factor#1        factor#2        factor#3        -------> 
       0.1     3.07807e-05     2.75368e-05      5.5841e-05     2.72873e-05     3.14327e-05     3.14516e-05     2.99669e-05     3.25767e-05     3.10173e-05     3.14644e-05     3.19255e-05     3.28062e-05     2.90829e-05     3.55073e-05     3.36153e-05     2.80387e-05 
       0.2     3.07212e-05      2.4606e-05     5.43049e-05     2.56947e-05     3.12313e-05     3.11432e-05     2.88285e-05     3.23284e-05     3.08725e-05     3.12305e-05     3.16744e-05     3.25461e-05     2.85722e-05     3.39724e-05      3.3451e-05     2.41185e-05 
       0.3     3.06548e-05     2.22489e-05     5.22162e-05      2.3934e-05      3.0983e-05     3.08062e-05     2.76373e-05     3.20865e-05     3.07069e-05     3.09481e-05     3.14383e-05     3.21848e-05     2.80332e-05     3.24893e-05     3.32276e-05     1.93477e-05 
       0.4     3.05841e-05     1.97309e-05     4.96405e-05     2.20558e-05     3.07068e-05     3.04985e-05     2.63839e-05     3.18513e-05     3.05227e-05     3.06294e-05     3.12171e-05     3.17789e-05     2.75103e-05     3.10403e-05     3.29503e-05     1.42387e-05 
       0.5     3.05124e-05     1.71138e-05     4.63773e-05     2.00693e-05     3.04122e-05     3.02089e-05     2.50622e-05     3.16229e-05     3.03212e-05     3.02949e-05      3.1012e-05     3.13576e-05     2.70138e-05     2.96285e-05     3.26268e-05      8.7547e-06 
       0.6     3.04429e-05     1.44319e-05     4.36288e-05     1.79443e-05     3.00976e-05     2.99796e-05     2.36661e-05     3.14014e-05     3.01034e-05     2.99616e-05     3.08242e-05     3.09199e-05     2.65453e-05     2.82479e-05     3.22628e-05     2.75353e-06 
       0.7     3.03794e-05     1.20231e-05     4.18578e-05     1.56488e-05     2.97522e-05     2.98725e-05     2.21955e-05     3.11867e-05     2.98711e-05     2.96422e-05     3.06549e-05     3.04656e-05     2.60966e-05       2.692e-05     3.18621e-05     -3.0997e-06 
       0.8     3.03251e-05     9.94333e-06     4.01944e-05     1.31491e-05     2.93631e-05     2.98685e-05      2.0669e-05     3.09789e-05     2.96263e-05     2.93424e-05      3.0504e-05     2.99987e-05     2.56445e-05     2.57878e-05     3.14335e-05    -8.70134e-06 
       0.9     3.02827e-05      8.1277e-06     3.85293e-05     1.03788e-05     2.89215e-05     2.99067e-05     1.91251e-05     3.07786e-05     2.93711e-05     2.90577e-05     3.03706e-05      2.9509e-05     2.51887e-05     2.51765e-05     3.09901e-05    -1.46758e-05 

 ***  ECOV(h) - Directional Expected Covariograms: 
         h        factor#1        factor#2        factor#3        -------> 
       0.1     1.61315e-07     6.27828e-06     5.00944e-06     4.22962e-06     5.79312e-07     6.76974e-07     3.01457e-06     6.17127e-07     4.06524e-07     6.84955e-07     6.01392e-07     7.65352e-07     1.21918e-06     3.88948e-06     5.47322e-07     1.14607e-05 
       0.2     1.06383e-07     3.51722e-06     3.35309e-06     2.62432e-06     3.71568e-07     3.56485e-07     1.93432e-06     4.05954e-07     2.57388e-07     4.55425e-07     3.94789e-07     4.75496e-07     7.21748e-07     2.49089e-06     3.48304e-07     7.57743e-06 
       0.3     3.98108e-08     1.10905e-06     1.15402e-06     8.79732e-07     1.33245e-07     2.03138e-09     7.38899e-07     1.64078e-07     9.12416e-08     1.72034e-07     1.57862e-07     1.28249e-07     1.71388e-07     9.44094e-07     1.20276e-07     2.81684e-06 
       0.4     -3.5568e-08    -1.59681e-06    -1.53492e-06    -9.73442e-07    -1.28754e-07     -2.9925e-07    -5.77809e-07     -1.0837e-07    -8.90862e-08    -1.52121e-07    -1.08542e-07    -2.35376e-07    -3.75242e-07    -7.45509e-07    -1.27228e-07     -2.4074e-06 
       0.5     -1.1656e-07    -4.49678e-06    -4.32483e-06    -2.93276e-06    -4.08956e-07    -5.78688e-07    -2.02441e-06    -4.11258e-07    -2.82096e-07    -4.98647e-07    -4.03228e-07    -5.92936e-07    -8.91826e-07    -2.59853e-06    -3.86733e-07    -7.98221e-06 
       0.6    -1.99819e-07    -7.60305e-06    -6.36337e-06    -5.01682e-06    -7.01907e-07     -7.9278e-07    -3.60781e-06    -7.44479e-07     -4.8711e-07    -8.49889e-07    -7.25242e-07    -9.34986e-07    -1.39047e-06    -4.64098e-06    -6.54778e-07    -1.41196e-05 
       0.7    -2.82023e-07    -1.06859e-05    -8.00409e-06    -7.23144e-06    -1.00224e-06    -8.76524e-07    -5.33035e-06    -1.10797e-06    -7.03354e-07    -1.19217e-06    -1.07474e-06    -1.23766e-06    -1.91146e-06    -6.89812e-06    -9.32709e-07    -2.03174e-05 
       0.8    -3.60175e-07    -1.37546e-05    -9.50899e-06    -9.57968e-06    -1.30395e-06    -9.22768e-07    -7.18742e-06    -1.50175e-06    -9.29831e-07    -1.52502e-06    -1.45343e-06    -1.47148e-06    -2.48214e-06    -9.42119e-06    -1.22353e-06    -2.62216e-05 
       0.9    -4.32129e-07    -1.66514e-05    -1.10076e-05    -1.21225e-05    -1.61004e-06    -9.97288e-07    -9.17065e-06    -1.92613e-06    -1.16514e-06    -1.86281e-06    -1.86457e-06    -1.62918e-06    -3.09421e-06     -1.2534e-05     -1.5332e-06    -3.28426e-05 

 ***  IVARS(H) - Integrated Variograms: 
         H        factor#1        factor#2        factor#3        -------> 
       0.1     6.28718e-10     7.61896e-08     2.25205e-08     2.37143e-08     2.71969e-09     5.09549e-09       1.399e-08      2.5093e-09     1.98775e-09     2.71304e-09     2.47493e-09     4.20389e-09     7.50017e-09     2.39248e-08     2.57004e-09     5.03901e-08 
       0.3      1.2226e-08     8.26288e-07     4.10109e-07     3.92805e-07     4.82371e-08     8.33626e-08     2.48321e-07     4.69254e-08     3.50569e-08     5.18081e-08      4.6161e-08     7.06376e-08     1.25756e-07       3.559e-07     4.65598e-08     9.06194e-07 
       0.5     5.46934e-08     2.76906e-06     1.79619e-06     1.57821e-06      2.0417e-07     3.01217e-07     1.05318e-06     2.07295e-07     1.46253e-07      2.3151e-07     2.03179e-07     2.86533e-07     4.87531e-07     1.43051e-06     1.95694e-07     3.94845e-06 

 ***  Factor Rankings based on IVARS: 
         H        factor#1        factor#2        factor#3        -------> 
       0.1              16               1               5               4              10               8               6              13              15              11              14               9               7               3              12               2 
       0.3              16               2               3               4              11               8               6              12              15              10              14               9               7               5              13               1 
       0.5              16               2               3               4              12               8               6              11              15              10              13               9               7               5              14               1 

 ***  VARS-TO - Sobol Total-Order Effects calculated through VARS: 
                  factor#1        factor#2        factor#3        -------> 
                0.00517145        0.232033        0.162376        0.139894       0.0188464        0.023164       0.0979743       0.0198459       0.0132723       0.0219842       0.0193574        0.025262       0.0407194        0.129903        0.017806        0.370813 

 ***  Factor Rankings based on VARS-TO: 
                  factor#1        factor#2        factor#3        -------> 
                        16               2               3               4              13               9               6              11              15              10              12               8               7               5              14               1 

 ***  VARS-ABE - Morris mean ABsolute Elementary effects across scales: 
   delta x        factor#1        factor#2        factor#3        -------> 
       0.1     8.15759e-05     0.000973495     0.000460927     0.000603851     0.000245624     0.000236571     0.000550105     0.000228405     0.000135925     0.000239698     0.000193051     0.000150279     0.000355534     0.000622966     0.000233817      0.00111987 
       0.2     0.000163398      0.00180482     0.000922378      0.00119126      0.00048705     0.000471565       0.0010861     0.000455448     0.000270387      0.00047923     0.000384682     0.000293405      0.00070588      0.00121278     0.000465375      0.00222571 
       0.3     0.000244546      0.00257755      0.00138987      0.00177236     0.000724278     0.000701664      0.00161028     0.000682009     0.000405237     0.000717525     0.000574849      0.00043857      0.00104731      0.00178962     0.000693186      0.00335792 
       0.4     0.000325059      0.00332881      0.00186961      0.00235273     0.000957245     0.000916269      0.00212879     0.000908166     0.000540034     0.000957584     0.000763934     0.000582442      0.00137087      0.00236929     0.000917121      0.00446427 
       0.5     0.000404109      0.00408862      0.00235472      0.00293684      0.00118392      0.00112298       0.0026452      0.00113416     0.000674914      0.00119568     0.000951656     0.000726113      0.00167423      0.00295044      0.00113274      0.00553469 
       0.6     0.000482142      0.00482922      0.00279462      0.00352909      0.00140959      0.00131621      0.00316773      0.00136062     0.000810052      0.00142998      0.00113918     0.000871603      0.00197228      0.00353569      0.00134633      0.00660407 
       0.7     0.000559795      0.00551933      0.00320163       0.0041355      0.00163073      0.00148701      0.00370498      0.00158782     0.000945553      0.00165906       0.0013262      0.00101883      0.00228667      0.00412029       0.0015539      0.00761744 
       0.8      0.00063707      0.00616758      0.00359313      0.00476501      0.00184254      0.00166417      0.00425506      0.00181578      0.00108155      0.00188289      0.00151649      0.00116569      0.00260724      0.00469945      0.00175659      0.00853579 
       0.9     0.000711992       0.0068913      0.00398093      0.00543391      0.00205573      0.00182134      0.00481988      0.00204467      0.00121826      0.00210425      0.00170896      0.00131284       0.0029331      0.00528352      0.00195996      0.00950234 

 ***  VARS-ACE - Morris mean ACtual Elementary effects across scales: 
   delta x        factor#1        factor#2        factor#3        -------> 
       0.1     5.44418e-05    -0.000654033    -0.000412143    -0.000603767    -0.000228387     0.000192482     0.000490101     0.000226733     0.000135362     0.000195512     0.000188755     0.000138099      0.00028095     0.000551764    -0.000202742     -0.00101836 
       0.2     0.000108288     -0.00132909    -0.000828912     -0.00119125    -0.000460194     0.000390813     0.000980254      0.00045288     0.000270387      0.00038596      0.00037683     0.000275901     0.000567096      0.00107929     -0.00040727     -0.00205639 
       0.3     0.000161563     -0.00201399     -0.00125194     -0.00177236     -0.00069373     0.000592861      0.00147239     0.000678695     0.000405237     0.000572326     0.000564759     0.000413078     0.000856129      0.00159574    -0.000614996     -0.00315209 
       0.4     0.000214583     -0.00270039     -0.00168384     -0.00235273    -0.000927513     0.000789781      0.00196535     0.000904424     0.000540034     0.000757243     0.000752776     0.000549188      0.00114447      0.00211514    -0.000825116     -0.00424191 
       0.5     0.000267852     -0.00338573     -0.00211903     -0.00293684     -0.00116061     0.000986347       0.0024576      0.00113032     0.000674914     0.000944017     0.000940921     0.000685444      0.00143124      0.00263985     -0.00103363     -0.00530205 
       0.6     0.000321875     -0.00405058     -0.00252576     -0.00352909     -0.00139127      0.00118467      0.00294803      0.00135664     0.000810052      0.00113586      0.00112916     0.000823782      0.00171671      0.00317271     -0.00123767     -0.00636287 
       0.7     0.000376981     -0.00469931     -0.00292119      -0.0041355      -0.0016187      0.00138334      0.00343559      0.00158362     0.000945553      0.00133543      0.00131777     0.000963849      0.00199763      0.00372339     -0.00143499     -0.00735487 
       0.8     0.000433153     -0.00531636     -0.00331565     -0.00476501     -0.00184078      0.00156325      0.00392101      0.00181152      0.00108155      0.00154384      0.00150732       0.0011036      0.00226838      0.00431715     -0.00162908     -0.00822558 
       0.9     0.000489976      -0.0058863     -0.00370929     -0.00543391     -0.00205548      0.00173234      0.00441091       0.0020406      0.00121826      0.00175961      0.00169879      0.00124289      0.00252855      0.00496588     -0.00182467     -0.00916523 

 ********         Bootstrapping Results        ******** 
 ***  gamma_LL(h) - Lower Limits on Directional Variograms: 
         h        factor#1        factor#2        factor#3        -------> 
       0.1     3.51768e-09     9.30014e-07     1.46911e-07     2.89768e-07     3.93266e-08      3.2281e-08     2.10476e-07     3.61879e-08     1.35993e-08     3.43293e-08     3.34182e-08     3.25445e-08     8.31715e-08     2.53246e-07     3.35509e-08     8.19755e-07 
       0.2     1.40317e-08     2.59508e-06     5.73722e-07     1.08316e-06     1.54365e-07     1.27021e-07      8.0352e-07     1.43204e-07     5.37235e-08      1.3684e-07     1.32592e-07     1.11465e-07     3.29223e-07     9.55188e-07     1.33971e-07     3.08377e-06 
       0.3     3.14263e-08      4.6078e-06      1.2586e-06     2.29861e-06     3.40631e-07     2.81071e-07     1.75155e-06     3.19079e-07     1.19185e-07     3.05814e-07     2.92929e-07      2.1518e-07      7.2295e-07     2.07668e-06     2.97851e-07     6.87114e-06 
       0.4     5.46225e-08     7.27908e-06     2.17721e-06     3.90024e-06     5.90134e-07     4.88899e-07     2.99337e-06     5.62271e-07     2.10147e-07     5.40959e-07     5.15147e-07     3.42903e-07     1.24045e-06      3.6191e-06     5.26587e-07     1.19937e-05 
       0.5     8.35675e-08     1.06996e-05     3.34796e-06     5.84538e-06     8.93689e-07     7.48507e-07     4.56073e-06     8.73228e-07     3.27061e-07     8.40374e-07     7.90282e-07     4.88029e-07     1.85384e-06      5.5104e-06     8.16318e-07      1.8276e-05 
       0.6     1.17127e-07     1.47106e-05     4.75892e-06     8.29755e-06     1.25064e-06     1.04633e-06     6.49189e-06     1.25079e-06     4.63472e-07     1.20529e-06     1.12848e-06     6.62919e-07     2.55395e-06     7.74118e-06     1.15602e-06     2.59706e-05 
       0.7     1.56404e-07     1.91118e-05     6.33568e-06     1.11562e-05     1.66188e-06     1.39983e-06     8.78489e-06     1.69549e-06     6.20418e-07     1.63429e-06     1.52918e-06     8.86491e-07     3.33302e-06     1.04526e-05     1.53749e-06     3.44887e-05 
       0.8      2.0099e-07     2.39703e-05     8.16347e-06     1.45955e-05      2.1136e-06     1.75004e-06     1.14994e-05      2.2118e-06     8.00913e-07     2.12858e-06     1.99239e-06     1.17864e-06     4.26595e-06     1.34638e-05     1.96703e-06     4.35093e-05 
       0.9     2.51499e-07     2.98853e-05     1.02549e-05     1.88463e-05      2.6029e-06      2.1137e-06     1.47083e-05     2.80212e-06     9.95435e-07     2.67035e-06     2.52302e-06     1.55664e-06     5.40731e-06     1.66747e-05     2.45186e-06     5.41615e-05 

 ***  gamma_UL(h) - Upper Limits on Directional Variograms: 
         h        factor#1        factor#2        factor#3        -------> 
       0.1     2.72328e-08     2.23933e-06      9.5877e-07     7.23774e-07     7.20713e-08     2.29039e-07     3.57244e-07     6.50683e-08     7.31802e-08     8.01307e-08      6.8573e-08     1.51536e-07     2.29384e-07     8.31063e-07     7.33792e-08     1.20235e-06 
       0.2     1.13564e-07     4.97889e-06      3.7205e-06      2.5254e-06     2.65947e-07     7.97986e-07     1.35155e-06     2.57375e-07     2.75455e-07     3.24769e-07     2.70854e-07     5.64341e-07     8.02532e-07     2.34589e-06     2.77378e-07     4.52678e-06 
       0.3     2.62863e-07     7.74563e-06      8.2211e-06     4.99218e-06     5.56333e-07     1.52295e-06     2.87397e-06     5.73796e-07     5.77704e-07     7.36332e-07     6.03231e-07     1.22016e-06     1.59762e-06     4.51982e-06     5.76483e-07     1.01173e-05 
       0.4     4.73647e-07     1.16627e-05     1.46628e-05     8.12813e-06     9.48418e-07     2.09237e-06     4.94463e-06     1.00929e-06     9.58381e-07     1.31574e-06     1.06348e-06     2.09743e-06     2.45656e-06      7.4032e-06     9.47859e-07     1.77314e-05 
       0.5     7.39471e-07     1.69135e-05     2.25971e-05      1.1823e-05     1.43612e-06     2.57323e-06      7.5411e-06     1.56396e-06     1.43125e-06     2.03363e-06     1.64938e-06     3.11152e-06     3.25454e-06      1.1052e-05     1.39651e-06     2.71694e-05 
       0.6      1.0505e-06     2.30943e-05     2.90281e-05     1.62366e-05     2.00423e-06      2.9061e-06     1.06753e-05     2.23851e-06      1.9929e-06     2.81806e-06     2.35828e-06     4.18161e-06     4.12633e-06     1.55487e-05     1.92323e-06       3.877e-05 
       0.7     1.38546e-06     3.03235e-05     3.35558e-05     2.14654e-05     2.65607e-06     2.95334e-06     1.44292e-05     3.03892e-06     2.66882e-06     3.59379e-06     3.19513e-06     5.17456e-06     5.33434e-06     2.13114e-05     2.55935e-06     5.18734e-05 
       0.8     1.72714e-06     3.84386e-05     3.74521e-05     2.79121e-05     3.34824e-06     3.12769e-06     1.88147e-05     3.97334e-06     3.50784e-06     4.31805e-06     4.18358e-06     5.93273e-06     6.83998e-06     2.84173e-05     3.27327e-06     6.56395e-05 
       0.9     2.06022e-06     4.81366e-05     4.09444e-05     3.60081e-05     4.18476e-06     3.39117e-06     2.41156e-05     5.04962e-06     4.41524e-06     4.99863e-06     5.31562e-06      6.3678e-06     8.75081e-06     3.92283e-05     4.12081e-06     8.22636e-05 

 ***  IVARS_LL(H) - Lower Limits on Integrated Variograms: 
         H        factor#1        factor#2        factor#3        -------> 
       0.1     1.75884e-10     4.65007e-08     7.34556e-09     1.44884e-08     1.96633e-09     1.61405e-09     1.05238e-08      1.8094e-09     6.79967e-10     1.71646e-09     1.67091e-09     1.62722e-09     4.15857e-09     1.26623e-08     1.67755e-09     4.09877e-08 
       0.3      3.3225e-09     5.92766e-07     1.34775e-07     2.53557e-07     3.63998e-08     2.99348e-08     1.89175e-07     3.38892e-08     1.26927e-08     3.24598e-08     3.12874e-08     2.55975e-08     7.78305e-08     2.25154e-07      3.1753e-08     7.34573e-07 
       0.5      1.4611e-08     2.10692e-06     5.84607e-07     1.05916e-06     1.58021e-07     1.30483e-07     8.11781e-07     1.49723e-07     5.59568e-08     1.43933e-07     1.37167e-07     9.48693e-08     3.32613e-07     9.69186e-07     1.40034e-07     3.19309e-06 

 ***  IVARS_UL(H) - Upper Limits on Integrated Variograms: 
         H        factor#1        factor#2        factor#3        -------> 
       0.1     1.36164e-09     1.11966e-07     4.79385e-08     3.61887e-08     3.60357e-09     1.14519e-08     1.78622e-08     3.25341e-09     3.65901e-09     4.00653e-09     3.42865e-09     7.57678e-09     1.14692e-08     4.15532e-08     3.66896e-09     6.01174e-08 
       0.3      2.7205e-08     1.09833e-06     8.78993e-07     5.75989e-07     6.14177e-08     1.78927e-07     3.14956e-07     6.09422e-08     6.38676e-08     7.72648e-08     6.41914e-08      1.3325e-07      1.8279e-07     5.44355e-07     6.33625e-08     1.07773e-06 
       0.5     1.24786e-07     3.46331e-06     3.88563e-06     2.22544e-06     2.54913e-07       5.926e-07     1.33087e-06      2.6897e-07     2.59953e-07     3.47449e-07     2.83345e-07     5.61113e-07     6.69651e-07     2.06542e-06     2.56717e-07     4.71696e-06 

 ***  VARS-TO_LL - Lower Limits on Sobol Total-Order Effects calculated through VARS: 
                  factor#1        factor#2        factor#3        -------> 
                0.00135935        0.179585        0.055097       0.0957011       0.0145489       0.0121247       0.0748704       0.0143044       0.0053327       0.0138182       0.0129216      0.00790008       0.0303182       0.0910884       0.0134043        0.297989 

 ***  VARS-TO_UL - Lower Limits on Sobol Total-Order Effects calculated through VARS: 
                  factor#1        factor#2        factor#3        -------> 
                 0.0120365        0.281911        0.347368        0.191655       0.0234871       0.0403843        0.123478       0.0256465        0.023236       0.0326369       0.0270204       0.0503923       0.0521951        0.181174       0.0226731        0.445007 

 ***  Reliability Estimates of Factor Rankings based on IVARS: 
         H        factor#1        factor#2        factor#3        -------> 
       0.1               1           0.927           0.189           0.072           0.237           0.424           0.626           0.147           0.635           0.234           0.317           0.575           0.806           0.203           0.291           0.898 
       0.3               1            0.64           0.384           0.161           0.181           0.468           0.618           0.084           0.683           0.464           0.272           0.552           0.895           0.305           0.243            0.67 
       0.5           0.999           0.827           0.368           0.247           0.217           0.396           0.616           0.151           0.709           0.503           0.141           0.363           0.956           0.349           0.215           0.952 

 ***  Reliability Estimates of Factor Rankings based on VARS-TO: 
                  factor#1        factor#2        factor#3        -------> 
                     0.999            0.79           0.339           0.261           0.241           0.435           0.612           0.173           0.703           0.493           0.218           0.415           0.916           0.327           0.315           0.971 

 ***  Factor Grouping based on VARS-TO & IVARS50: 
                  factor#1        factor#2        factor#3        -------> 
 VARS-TO              1               2               2               2               3               3               2               3               3               3               3               3               3               2               3               2 
 IVARS50              3               2               5               5               1               4               5               1               1               1               1               4               4               5               1               2 

 ***  Reliability Estimates of Rankings based on Factor Grouping: 
                  factor#1        factor#2        factor#3        -------> 
 VARS-TO          0.999               1               1               1               1               1               1           0.999               1               1               1               1               1               1               1               1 
 IVARS50              1           0.993            0.91           0.996           0.833            0.61           0.996            0.78           0.977           0.991           0.883           0.832           0.959               1           0.994           0.966 
