 -------- Variogram Analysis of Response Surfaces (VARS) Output File -------- 
 VARS settings: 
 Target Number of Stars = 100 
 Current Number of Stars = 20 
 minimum h = 0.1 
 Bootstrap Size = 1000 
 Bootstrap Confidence Level = 0.9 

 ***  gamma(h) - Directional Variograms: 
         h        factor#1        factor#2        factor#3        -------> 
       0.1     2.84318e-09     4.08136e-07     1.22301e-07     3.40221e-07     3.28932e-08     3.33013e-08     2.20503e-07     3.72481e-08     7.93498e-09     3.32928e-08     2.53223e-08     6.39215e-08     2.29939e-07       2.519e-07     3.09901e-08     1.27863e-06 
       0.2     1.13085e-08     1.53661e-06     4.83663e-07     1.15712e-06     1.30595e-07     1.31995e-07     7.72407e-07     1.47339e-07     3.11598e-08     1.32231e-07      1.0032e-07     1.91148e-07     6.81116e-07      9.4286e-07     1.23862e-07     4.58117e-06 
       0.3     2.52795e-08     3.31712e-06     1.07915e-06     2.33863e-06     2.92161e-07     2.95171e-07     1.61201e-06     3.28657e-07     6.92028e-08      2.9549e-07     2.23869e-07     3.33856e-07     1.16256e-06     2.05577e-06      2.7849e-07     9.84905e-06 
       0.4     4.46327e-08     5.76192e-06     1.90622e-06     3.89928e-06     5.17378e-07     5.22737e-07      2.7467e-06     5.80656e-07     1.21932e-07     5.22368e-07     3.95451e-07     4.89322e-07     1.63395e-06     3.59574e-06     4.94734e-07     1.68298e-05 
       0.5     6.92695e-08       8.867e-06     2.96466e-06      5.8693e-06     8.06562e-07     8.14534e-07     4.18422e-06     9.03815e-07     1.89437e-07     8.13015e-07     6.15466e-07     6.70432e-07     2.20593e-06     5.57656e-06     7.72446e-07      2.5539e-05 
       0.6     9.91411e-08     1.26163e-05     4.25733e-06     8.28359e-06     1.16047e-06     1.17032e-06     5.93121e-06     1.29962e-06     2.71999e-07     1.16839e-06     8.84983e-07      8.9858e-07      2.8888e-06     8.00156e-06     1.11149e-06     3.63056e-05 
       0.7     1.34256e-07     1.69334e-05     5.79063e-06     1.12068e-05     1.58053e-06     1.59052e-06     8.00298e-06     1.77057e-06     3.70128e-07     1.59016e-06     1.20545e-06     1.21044e-06     3.71057e-06     1.08718e-05     1.51177e-06      4.8541e-05 
       0.8     1.74669e-07     2.15661e-05     7.57554e-06     1.47977e-05     2.06911e-06     2.07729e-06     1.04283e-05     2.32023e-06     4.84683e-07     2.08034e-06     1.57848e-06      1.6757e-06     4.85744e-06     1.42173e-05     1.97324e-06     6.17707e-05 
       0.9     2.20466e-07     2.64314e-05     9.63057e-06     1.94295e-05     2.62924e-06     2.63574e-06     1.32916e-05     2.95339e-06     6.17084e-07     2.64049e-06     2.00619e-06     2.41921e-06     6.69343e-06     1.80563e-05     2.49599e-06     7.91602e-05 

 ***  COV(h) - Directional Covariograms: 
         h        factor#1        factor#2        factor#3        -------> 
       0.1      2.9352e-05     1.80081e-05     2.80448e-05     2.66706e-05     2.52977e-05     2.91231e-05     2.34499e-05     2.86443e-05     2.91084e-05     2.94596e-05     2.65365e-05     2.75451e-05     2.42035e-05     3.42307e-05      2.9226e-05      3.3434e-05 
       0.2     2.93311e-05     1.63353e-05     2.74718e-05     2.56445e-05       2.517e-05     2.89639e-05     2.26031e-05     2.84504e-05     2.90837e-05     2.92995e-05      2.6401e-05     2.74432e-05     2.36596e-05     3.31192e-05     2.91026e-05       2.882e-05 
       0.3     2.93167e-05     1.45666e-05     2.68733e-05     2.44949e-05     2.50099e-05     2.88038e-05     2.17657e-05     2.82705e-05     2.90455e-05     2.91367e-05     2.62783e-05     2.73161e-05      2.3248e-05     3.19927e-05      2.8949e-05      2.3516e-05 
       0.4     2.93093e-05     1.26867e-05     2.62554e-05     2.31925e-05      2.4816e-05     2.86395e-05     2.09385e-05     2.81039e-05     2.89941e-05     2.89715e-05     2.61679e-05     2.71549e-05     2.29532e-05     3.08683e-05     2.87643e-05     1.81876e-05 
       0.5     2.93091e-05     1.06881e-05     2.56199e-05     2.17163e-05     2.45877e-05     2.84695e-05     2.01189e-05     2.79498e-05     2.89293e-05     2.88035e-05     2.60688e-05     2.69485e-05     2.26767e-05     2.97742e-05     2.85483e-05     1.25783e-05 
       0.6     2.93161e-05     8.59853e-06     2.49616e-05     2.00426e-05      2.4325e-05     2.82963e-05     1.92988e-05     2.78076e-05     2.88508e-05     2.86321e-05     2.59805e-05     2.66825e-05     2.24371e-05     2.86793e-05     2.83018e-05     6.46136e-06 
       0.7     2.93293e-05     6.52149e-06     2.42689e-05     1.81335e-05     2.40288e-05     2.81253e-05     1.84593e-05     2.76768e-05     2.87579e-05     2.84563e-05     2.59035e-05     2.63363e-05     2.22735e-05     2.75176e-05     2.80266e-05     6.64794e-07 
       0.8     2.93477e-05     4.72159e-06     2.35255e-05     1.59238e-05     2.36998e-05     2.79591e-05     1.75852e-05     2.75571e-05     2.86493e-05     2.82753e-05     2.58372e-05     2.58815e-05     2.21929e-05     2.62884e-05     2.77248e-05    -4.78912e-06 
       0.9     2.93702e-05     3.37351e-06     2.27109e-05     1.33282e-05     2.33377e-05     2.77965e-05     1.67058e-05      2.7449e-05     2.85233e-05     2.80879e-05     2.57801e-05     2.52891e-05     2.22314e-05      2.5108e-05     2.73986e-05    -1.04016e-05 

 ***  ECOV(h) - Directional Expected Covariograms: 
         h        factor#1        factor#2        factor#3        -------> 
       0.1     3.53538e-08     4.47418e-06     1.51742e-06     2.88078e-06     4.13408e-07     4.16984e-07     2.08049e-06     4.62684e-07     9.67483e-08     4.16367e-07     3.15273e-07     2.97751e-07     9.53912e-07     2.83887e-06     3.96258e-07     1.27237e-05 
       0.2     2.32759e-08     2.89499e-06     1.00014e-06     1.80495e-06     2.72991e-07     2.75461e-07     1.32919e-06     3.04963e-07     6.36355e-08     2.74461e-07     2.07753e-07     1.54136e-07      4.5888e-07     1.85509e-06     2.62294e-07     8.30079e-06 
       0.3     9.34808e-09     1.10088e-06      4.0709e-07     6.72322e-07      1.1201e-07     1.12546e-07     5.06367e-07     1.24782e-07     2.58799e-08     1.11951e-07     8.48197e-08     3.41375e-08     3.66078e-08      7.5201e-07     1.07675e-07     3.01739e-06 
       0.4     -6.3531e-09    -8.91416e-07    -2.61343e-07    -5.63269e-07    -6.98941e-08    -7.17447e-08    -4.04407e-07    -7.84366e-08    -1.66469e-08    -7.12865e-08    -5.36299e-08    -7.83912e-08    -3.18956e-07    -4.89825e-07    -6.74639e-08    -2.65885e-06 
       0.5    -2.37437e-08    -3.08857e-06    -1.00531e-06    -1.92507e-06    -2.73083e-07    -2.77052e-07     -1.4096e-06    -3.05383e-07    -6.40628e-08    -2.75606e-07    -2.08125e-07    -1.95916e-07     -6.9423e-07    -1.88115e-06    -2.62973e-07    -8.75253e-06 
       0.6    -4.27459e-08    -5.47597e-06    -1.82627e-06    -3.42705e-06    -4.98001e-07    -5.03102e-07    -2.50809e-06    -5.56869e-07    -1.16491e-07    -5.01496e-07    -3.79364e-07    -3.28685e-07    -1.08204e-06    -3.42191e-06    -4.78715e-07    -1.55961e-05 
       0.7    -6.33006e-08    -7.98064e-06    -2.72735e-06    -5.08499e-06    -7.45332e-07    -7.50254e-07    -3.69711e-06    -8.33818e-07    -1.74073e-07    -7.49493e-07    -5.67923e-07    -4.87374e-07    -1.46964e-06     -5.1053e-06     -7.1458e-07    -2.26079e-05 
       0.8    -8.53773e-08    -1.04004e-05    -3.71398e-06    -6.92482e-06    -1.01606e-06     -1.0197e-06    -4.96158e-06    -1.13728e-06    -2.36992e-07    -1.02007e-06    -7.74069e-07    -6.84254e-07    -1.85894e-06    -6.93213e-06    -9.70505e-07    -2.93664e-05 
       0.9     -1.0898e-07    -1.25879e-05    -4.79457e-06    -8.97632e-06    -1.31116e-06    -1.31348e-06    -6.25433e-06    -1.46847e-06    -3.05489e-07    -1.31334e-06     -9.9815e-07    -9.29092e-07    -2.23113e-06    -8.91918e-06     -1.2465e-06    -3.73165e-05 

 ***  IVARS(H) - Integrated Variograms: 
         H        factor#1        factor#2        factor#3        -------> 
       0.1     1.42159e-10     2.04068e-08     6.11505e-09     1.70111e-08     1.64466e-09     1.66506e-09     1.10251e-08      1.8624e-09     3.96749e-10     1.66464e-09     1.26611e-09     3.19608e-09      1.1497e-08      1.2595e-08      1.5495e-09     6.39313e-08 
       0.3     2.67915e-09     3.60331e-07     1.14554e-07     2.66666e-07     3.09569e-08     3.12882e-08     1.79891e-07     3.48916e-08     7.36962e-09     3.13269e-08     2.37577e-08     4.21998e-08     1.49233e-07     2.22265e-07     2.94097e-08     1.07843e-06 
       0.5     1.18699e-08     1.54573e-06     5.07366e-07     1.06699e-06     1.37631e-07     1.39047e-07     7.44373e-07     1.54581e-07     3.24949e-08     1.38989e-07     1.05269e-07     1.41346e-07     4.81053e-07     9.63454e-07      1.3143e-07     4.53082e-06 

 ***  Factor Rankings based on IVARS: 
         H        factor#1        factor#2        factor#3        -------> 
       0.1              16               2               7               3              12              10               6               9              15              11              14               8               5               4              13               1 
       0.3              16               2               7               3              12              11               5               9              15              10              14               8               6               4              13               1 
       0.5              16               2               6               3              12              10               5               8              15              11              14               9               7               4              13               1 

 ***  VARS-TO - Sobol Total-Order Effects calculated through VARS: 
                  factor#1        factor#2        factor#3        -------> 
                0.00134557         0.17199       0.0577629        0.113467        0.015722       0.0158623       0.0810576       0.0176112       0.0036877       0.0158403       0.0119982       0.0127407       0.0417038        0.108879       0.0150508        0.493261 

 ***  Factor Rankings based on VARS-TO: 
                  factor#1        factor#2        factor#3        -------> 
                        16               2               6               3              11               9               5               8              15              10              14              13               7               4              12               1 

 ***  VARS-ABE - Morris mean ABsolute Elementary effects across scales: 
   delta x        factor#1        factor#2        factor#3        -------> 
       0.1     5.81646e-05     0.000689435     0.000346431     0.000528401     0.000187738     0.000189845     0.000457328     0.000181069     8.87126e-05      0.00019094     0.000131155     0.000118232     0.000312337     0.000511708      0.00017911      0.00118232 
       0.2     0.000115995      0.00135403     0.000690129      0.00102735     0.000373056     0.000377715     0.000886614     0.000360568     0.000176392     0.000380417      0.00026119     0.000221599     0.000596427     0.000988837     0.000357568      0.00230374 
       0.3     0.000173614      0.00201072      0.00102835      0.00151373     0.000556819     0.000563992      0.00129844     0.000538943     0.000263542      0.00056778     0.000390568     0.000317223     0.000857956      0.00145197      0.00053557      0.00342847 
       0.4     0.000230682      0.00266093      0.00136309      0.00199905     0.000738566     0.000750837      0.00170925     0.000716782     0.000350584     0.000753801     0.000519533     0.000411324       0.0011016      0.00190452     0.000712969      0.00452004 
       0.5     0.000287493      0.00330393      0.00169374      0.00249132     0.000919047     0.000936459      0.00211587     0.000894657     0.000437901     0.000938349     0.000648581     0.000508881      0.00133647      0.00237369     0.000889094      0.00559079 
       0.6     0.000343886      0.00393846      0.00202119      0.00299858       0.0010983       0.0011209       0.0025215      0.00107335     0.000525876      0.00112131     0.000778533     0.000614868      0.00157157      0.00285835        0.001065      0.00666314 
       0.7     0.000400661      0.00458129      0.00234521      0.00353204      0.00127685      0.00130359      0.00293455      0.00125342     0.000614932       0.0013062     0.000909841     0.000735457      0.00181206      0.00333875      0.00124008      0.00767745 
       0.8     0.000456924      0.00518136      0.00266695      0.00410917      0.00145638      0.00148363      0.00335543      0.00143611     0.000705568      0.00149338      0.00104242       0.0008779      0.00210457       0.0038099      0.00141454      0.00859432 
       0.9     0.000512633      0.00572322      0.00298905      0.00475184      0.00163826      0.00166305      0.00381615       0.0016211     0.000798414      0.00168535      0.00117609      0.00105132      0.00247597      0.00423074      0.00158704       0.0097366 

 ***  VARS-ACE - Morris mean ACtual Elementary effects across scales: 
   delta x        factor#1        factor#2        factor#3        -------> 
       0.1     5.69593e-05    -0.000635914    -0.000332116    -0.000527982     -0.00018189     0.000184459     0.000391208     0.000178764     8.87126e-05     0.000187261     0.000129927     0.000109308     0.000169394     0.000468895    -0.000172868    -0.000994198 
       0.2     0.000114231     -0.00129534    -0.000666738     -0.00102729    -0.000362144      0.00036635     0.000795679     0.000356072     0.000176392     0.000373344     0.000258975     0.000204611     0.000362147     0.000932268    -0.000345176     -0.00201768 
       0.3     0.000171712     -0.00196341     -0.00100282     -0.00151373    -0.000541478     0.000546903      0.00120244     0.000532501     0.000263542     0.000558487     0.000387452     0.000292726     0.000569455      0.00140325    -0.000517202     -0.00310554 
       0.4     0.000229257     -0.00262564     -0.00133938     -0.00199905    -0.000720668     0.000727254      0.00160805     0.000708689     0.000350584     0.000743273     0.000515639     0.000379715     0.000781387      0.00187758    -0.000689181     -0.00417794 
       0.5     0.000286703     -0.00328378     -0.00167522     -0.00249132    -0.000900319     0.000908301      0.00201179     0.000885308     0.000437901     0.000928483     0.000644105     0.000470416     0.000984593      0.00234823    -0.000861308     -0.00522217 
       0.6     0.000343886     -0.00393846     -0.00200907     -0.00299858       -0.001081      0.00109088      0.00241207      0.00106303     0.000525876      0.00111491     0.000773459     0.000569573      0.00117208      0.00281637     -0.00103377     -0.00626692 
       0.7     0.000400661     -0.00458129     -0.00233992     -0.00353204     -0.00126345      0.00127611      0.00280569       0.0012425     0.000614932      0.00130314     0.000904056     0.000683027      0.00132873      0.00327425     -0.00120681     -0.00724627 
       0.8     0.000456924     -0.00518136     -0.00266695     -0.00410917     -0.00144857       0.0014654      0.00318272      0.00142429     0.000705568      0.00149338       0.0010359     0.000818443      0.00144859      0.00372907      -0.0013807     -0.00807072 
       0.9     0.000512633     -0.00572322     -0.00298905     -0.00475184     -0.00163701      0.00166013      0.00352087      0.00160888     0.000798414      0.00168535      0.00116935     0.000983768      0.00152455      0.00422005     -0.00155582     -0.00894778 

 ********         Bootstrapping Results        ******** 
 ***  gamma_LL(h) - Lower Limits on Directional Variograms: 
         h        factor#1        factor#2        factor#3        -------> 
       0.1     1.41298e-09     2.25075e-07      5.3242e-08     1.58621e-07     1.47053e-08      1.5704e-08     1.08137e-07     1.28351e-08     3.60549e-09     1.55815e-08     6.90624e-09     4.90858e-09     3.46442e-08     1.22382e-07     1.32998e-08     7.50553e-07 
       0.2     5.63937e-09     8.51644e-07     2.10662e-07     5.76872e-07     5.78423e-08     6.25234e-08     3.72966e-07     5.06927e-08     1.38861e-08     6.15568e-08     2.72512e-08     1.58813e-08     1.36329e-07     4.37981e-07     5.30311e-08     2.68723e-06 
       0.3     1.25272e-08     1.82929e-06     4.68653e-07      1.2018e-06     1.28614e-07     1.39901e-07     7.57617e-07     1.13109e-07     3.04376e-08     1.36928e-07     6.04593e-08     3.15821e-08     3.05038e-07     9.37556e-07     1.19046e-07     5.62381e-06 
       0.4     2.19787e-08     3.15663e-06     8.27542e-07      2.0067e-06     2.26807e-07     2.47097e-07     1.28065e-06     2.00138e-07     5.34266e-08     2.39538e-07     1.05511e-07     5.08752e-08     5.40577e-07     1.62993e-06     2.11401e-07     9.50326e-06 
       0.5     3.34038e-08     4.82045e-06     1.28735e-06      2.9367e-06     3.52084e-07     3.83678e-07      1.9182e-06     3.11745e-07      8.2972e-08      3.7099e-07     1.63215e-07     7.46903e-08     8.42638e-07     2.52602e-06      3.2979e-07     1.43391e-05 
       0.6      4.7349e-08      6.8035e-06     1.84633e-06     4.15289e-06     5.04344e-07     5.48936e-07     2.63675e-06     4.48211e-07     1.18759e-07     5.32501e-07     2.34746e-07     1.04619e-07      1.2106e-06     3.61978e-06     4.73868e-07     1.99465e-05 
       0.7     6.40044e-08     9.02372e-06     2.49849e-06     5.62756e-06     6.83942e-07     7.43611e-07     3.51969e-06     6.10037e-07     1.61709e-07     7.23407e-07     3.21531e-07     1.41317e-07     1.63879e-06     4.89739e-06     6.43968e-07     2.60808e-05 
       0.8     8.27139e-08     1.14438e-05     3.23805e-06     7.46914e-06     8.99951e-07      9.7115e-07      4.5712e-06     7.97952e-07     2.12184e-07     9.43457e-07     4.21795e-07      1.8776e-07     2.13313e-06      6.3781e-06     8.41029e-07     3.27419e-05 
       0.9     1.04168e-07     1.36385e-05     4.06845e-06     1.01264e-05      1.1486e-06     1.23495e-06     5.80501e-06     1.01565e-06      2.7154e-07     1.19569e-06     5.36093e-07     2.52084e-07     2.72758e-06      8.0129e-06     1.06495e-06     4.14788e-05 

 ***  gamma_UL(h) - Upper Limits on Directional Variograms: 
         h        factor#1        factor#2        factor#3        -------> 
       0.1     4.68629e-09     6.25101e-07     2.12697e-07     5.62279e-07     5.45674e-08     5.66795e-08     3.62329e-07     7.20493e-08     1.33604e-08     5.42098e-08     5.11372e-08     1.72998e-07     5.63673e-07     4.11682e-07     5.14723e-08     1.89121e-06 
       0.2     1.86709e-08     2.33571e-06     8.35856e-07      1.8606e-06     2.17136e-07     2.24755e-07     1.28727e-06     2.84655e-07     5.26385e-08       2.155e-07     2.03077e-07     5.06697e-07     1.54379e-06     1.54199e-06     2.05929e-07     6.83064e-06 
       0.3     4.18932e-08     5.06426e-06     1.87141e-06     3.72807e-06     4.86732e-07     5.01847e-07     2.73797e-06     6.34481e-07     1.17899e-07     4.82291e-07     4.54355e-07     8.61922e-07     2.41389e-06     3.40042e-06     4.63337e-07     1.47012e-05 
       0.4     7.41391e-08     8.88964e-06     3.29653e-06     6.31788e-06     8.63304e-07     8.88138e-07     4.71289e-06     1.12051e-06     2.08433e-07     8.53463e-07     8.03698e-07     1.23203e-06      3.0982e-06     5.96615e-06     8.22958e-07     2.52762e-05 
       0.5     1.15265e-07     1.37406e-05     5.11993e-06     9.45849e-06     1.34732e-06      1.3837e-06     7.17169e-06     1.74385e-06     3.25137e-07     1.32993e-06     1.25203e-06     1.65132e-06     3.98495e-06     9.25841e-06     1.28445e-06     3.86091e-05 
       0.6     1.64972e-07     1.95842e-05     7.35438e-06      1.3523e-05      1.9397e-06     1.98789e-06     1.02366e-05     2.50767e-06     4.68049e-07     1.91273e-06     1.80049e-06     2.18489e-06     4.99491e-06     1.32807e-05     1.84783e-06     5.52766e-05 
       0.7     2.23795e-07     2.63038e-05     1.00235e-05      1.8288e-05     2.64229e-06     2.70385e-06     1.37965e-05     3.41738e-06      6.3676e-07     2.60447e-06     2.45105e-06     2.94111e-06     6.30422e-06     1.80592e-05      2.5132e-06     7.40702e-05 
       0.8     2.91846e-07     3.40619e-05     1.31669e-05      2.3782e-05     3.45833e-06     3.53735e-06     1.80831e-05     4.48091e-06     8.31162e-07     3.40813e-06     3.20637e-06      4.1239e-06     8.25639e-06     2.36387e-05     3.28082e-06     9.47177e-05 
       0.9     3.68562e-07     4.22149e-05     1.68258e-05      3.1212e-05      4.3904e-06     4.49494e-06     2.33016e-05     5.70928e-06     1.05467e-06     4.32709e-06     4.06934e-06     6.09054e-06     1.15966e-05     3.00781e-05     4.15107e-06     0.000122326 

 ***  IVARS_LL(H) - Lower Limits on Integrated Variograms: 
         H        factor#1        factor#2        factor#3        -------> 
       0.1     7.06492e-11     1.12538e-08      2.6621e-09     7.93105e-09     7.35263e-10     7.85201e-10     5.40684e-09     6.41754e-10     1.80274e-10     7.79077e-10     3.45312e-10     2.45429e-10     1.73221e-09      6.1191e-09     6.64988e-10     3.75276e-08 
       0.3     1.33062e-09     1.96668e-07     4.98231e-08     1.34197e-07     1.36807e-08     1.48198e-08     8.60104e-08     1.19977e-08     3.29261e-09     1.45689e-08      6.4322e-09     3.62449e-09      3.2279e-08     1.03098e-07      1.2583e-08     6.19523e-07 
       0.5     5.84414e-09     8.48233e-07     2.19921e-07     5.47469e-07     6.04024e-08     6.57267e-08      3.4874e-07     5.32461e-08     1.43029e-08      6.4111e-08     2.82197e-08     1.41128e-08     1.43721e-07     4.39148e-07     5.61556e-08     2.55444e-06 

 ***  IVARS_UL(H) - Upper Limits on Integrated Variograms: 
         H        factor#1        factor#2        factor#3        -------> 
       0.1     2.34315e-10      3.1255e-08     1.06348e-08      2.8114e-08     2.72837e-09     2.83397e-09     1.81164e-08     3.60246e-09     6.68019e-10     2.71049e-09     2.55686e-09     8.64988e-09     2.81837e-08     2.05841e-08     2.57362e-09     9.45606e-08 
       0.3     4.43255e-09     5.46021e-07     1.98228e-07     4.25382e-07     5.15067e-08      5.3249e-08     3.01249e-07     6.73944e-08     1.24897e-08      5.1079e-08     4.81305e-08     1.11055e-07     3.29434e-07     3.63508e-07     4.89069e-08     1.61298e-06 
       0.5     1.97093e-08     2.36969e-06     8.78319e-07     1.70542e-06     2.29539e-07      2.3634e-07     1.26957e-06     2.98362e-07     5.56038e-08     2.27064e-07     2.13811e-07     3.59983e-07     9.43525e-07     1.59278e-06     2.18639e-07     6.78355e-06 

 ***  VARS-TO_LL - Lower Limits on Sobol Total-Order Effects calculated through VARS: 
                  factor#1        factor#2        factor#3        -------> 
               0.000643761       0.0933114       0.0250469       0.0569384      0.00684558       0.0074755       0.0367131      0.00607285      0.00161339      0.00722338      0.00319135      0.00143685       0.0164122       0.0494609      0.00642133        0.276042 

 ***  VARS-TO_UL - Lower Limits on Sobol Total-Order Effects calculated through VARS: 
                  factor#1        factor#2        factor#3        -------> 
                0.00223691        0.266874       0.0997642        0.183376       0.0262666        0.026956        0.139597       0.0339806      0.00633605       0.0259205       0.0243987       0.0312593       0.0742336        0.180193       0.0250239        0.748058 

 ***  Reliability Estimates of Factor Rankings based on IVARS: 
         H        factor#1        factor#2        factor#3        -------> 
       0.1           0.996           0.615           0.584           0.317           0.225           0.247           0.392           0.372           0.902           0.304            0.51            0.32           0.107           0.447           0.297           0.999 
       0.3           0.995            0.82           0.586           0.483           0.224           0.144           0.576           0.301           0.861           0.378           0.512           0.343           0.263           0.587           0.285               1 
       0.5           0.995           0.917           0.536           0.532            0.21           0.178           0.771           0.372            0.82           0.275           0.485           0.043           0.479           0.587           0.237               1 

 ***  Reliability Estimates of Factor Rankings based on VARS-TO: 
                  factor#1        factor#2        factor#3        -------> 
                     0.993           0.962           0.768           0.529            0.23           0.288           0.908            0.44           0.788           0.379           0.419           0.101            0.74           0.553           0.313               1 

 ***  Factor Grouping based on VARS-TO & IVARS50: 
                  factor#1        factor#2        factor#3        -------> 
 VARS-TO              2               3               3               3               4               4               3               4               2               4               4               4               3               3               4               1 
 IVARS50              2               3               3               3               4               4               3               4               2               4               4               4               3               3               4               1 

 ***  Reliability Estimates of Rankings based on Factor Grouping: 
                  factor#1        factor#2        factor#3        -------> 
 VARS-TO              1               1            0.99               1               1           0.995               1           0.998           0.788               1           0.998           0.729           0.942               1               1               1 
 IVARS50              1               1           0.874           0.999               1           0.996               1           0.999           0.902               1           0.994           0.615           0.828               1               1           0.999 
