 -------- Variogram Analysis of Response Surfaces (VARS) Output File -------- 
 VARS settings: 
 Target Number of Stars = 100 
 Current Number of Stars = 90 
 minimum h = 0.1 
 Bootstrap Size = 1000 
 Bootstrap Confidence Level = 0.9 

 ***  gamma(h) - Directional Variograms: 
         h        factor#1        factor#2        factor#3        -------> 
       0.1      1.2135e-08     1.39088e-06     4.86705e-07     3.83823e-07     5.20533e-08     1.07443e-07     2.75891e-07     5.26419e-08     2.95314e-08     5.51058e-08     4.96309e-08     8.15493e-08     1.49326e-07     4.97034e-07     5.12403e-08     1.03326e-06 
       0.2     5.03702e-08     3.33287e-06     1.88062e-06     1.40982e-06     1.99353e-07     3.84794e-07     1.04431e-06     2.08094e-07     1.14878e-07     2.21564e-07     1.95489e-07     3.02637e-07      5.3982e-07     1.56598e-06     1.98099e-07     3.90192e-06 
       0.3     1.16394e-07     5.84359e-06     4.13069e-06     3.01023e-06     4.32276e-07     7.60871e-07     2.23494e-06     4.63689e-07      2.5012e-07     4.99428e-07     4.33837e-07     6.46311e-07     1.10306e-06     3.16914e-06     4.24288e-07     8.67656e-06 
       0.4     2.09993e-07     9.32726e-06     7.30999e-06     5.14082e-06     7.49757e-07     1.12066e-06     3.83309e-06     8.18035e-07     4.30581e-07     8.88578e-07     7.62149e-07     1.09169e-06     1.77002e-06     5.32385e-06     7.17111e-07      1.5142e-05 
       0.5     3.28762e-07     1.38084e-05     1.12521e-05     7.75337e-06     1.14937e-06     1.48411e-06     5.84767e-06     1.27085e-06     6.53015e-07     1.37855e-06     1.17982e-06     1.60697e-06     2.48528e-06     8.03001e-06     1.07213e-06     2.32214e-05 
       0.6     4.68136e-07     1.92379e-05     1.48069e-05     1.08597e-05     1.62332e-06     1.81813e-06      8.2976e-06     1.82293e-06     9.15274e-07     1.93994e-06     1.68857e-06     2.17183e-06      3.2921e-06     1.13524e-05     1.48532e-06     3.29859e-05 
       0.7     6.21674e-07     2.54051e-05     1.78996e-05     1.44633e-05     2.15952e-06     2.08419e-06     1.12122e-05     2.47618e-06     1.21558e-06     2.53415e-06      2.2929e-06     2.73959e-06     4.30106e-06     1.53944e-05     1.95713e-06     4.39454e-05 
       0.8     7.81789e-07     3.23861e-05     2.08913e-05     1.85446e-05     2.74603e-06     2.38927e-06     1.46465e-05     3.23386e-06     1.55279e-06     3.14747e-06     2.99986e-06     3.21768e-06      5.5489e-06     2.02659e-05     2.50161e-06     5.55501e-05 
       0.9     9.41206e-07     3.99841e-05     2.41028e-05     2.34335e-05     3.39365e-06     2.71565e-06     1.86695e-05     4.10111e-06     1.92665e-06     3.80693e-06     3.81857e-06     3.57356e-06     7.07267e-06     2.69231e-05     3.13818e-06      6.9502e-05 

 ***  COV(h) - Directional Covariograms: 
         h        factor#1        factor#2        factor#3        -------> 
       0.1     3.23742e-05     2.86564e-05     6.02265e-05     2.78847e-05     3.28944e-05     3.23283e-05     2.93777e-05     3.47055e-05     3.24962e-05     3.29718e-05      3.3759e-05     3.45458e-05     3.05002e-05     3.69234e-05     3.45038e-05     2.89799e-05 
       0.2      3.2315e-05     2.58917e-05     5.85654e-05     2.65255e-05     3.26993e-05     3.20032e-05     2.82703e-05     3.44419e-05     3.23845e-05     3.27336e-05     3.35002e-05     3.42715e-05     3.00098e-05     3.53629e-05     3.43407e-05     2.49645e-05 
       0.3     3.22474e-05     2.33788e-05     5.63044e-05     2.49109e-05     3.24517e-05     3.16537e-05     2.71025e-05     3.41877e-05     3.22502e-05     3.24443e-05     3.32642e-05     3.38929e-05     2.94914e-05     3.38703e-05       3.412e-05      2.0106e-05 
       0.4     3.21733e-05     2.07088e-05     5.35148e-05     2.31313e-05     3.21714e-05     3.13454e-05     2.58686e-05      3.3943e-05     3.20968e-05      3.2119e-05      3.3051e-05     3.34744e-05     2.89723e-05     3.24228e-05      3.3849e-05     1.49077e-05 
       0.5     3.20954e-05     1.78178e-05     4.99749e-05      2.1232e-05     3.18676e-05     3.10641e-05     2.45615e-05     3.37079e-05     3.19274e-05      3.1779e-05     3.28606e-05     3.30496e-05     2.84543e-05     3.10161e-05     3.35346e-05      9.2724e-06 
       0.6     3.20175e-05     1.47737e-05     4.70234e-05     1.91955e-05     3.15374e-05     3.08534e-05     2.31727e-05     3.34825e-05     3.17448e-05     3.14427e-05     3.26927e-05     3.26205e-05     2.79433e-05     2.96429e-05     3.31823e-05     3.17406e-06 
       0.7     3.19435e-05       1.183e-05     4.51751e-05     1.70052e-05     3.11678e-05      3.0776e-05     2.16975e-05     3.32665e-05     3.15519e-05     3.11226e-05     3.25465e-05     3.21907e-05     2.74437e-05     2.83339e-05     3.27952e-05    -2.79207e-06 
       0.8     3.18777e-05     8.84688e-06     4.34595e-05     1.46409e-05     3.07445e-05     3.07999e-05     2.01407e-05       3.306e-05     3.13518e-05       3.082e-05     3.24194e-05     3.17688e-05     2.69503e-05     2.72493e-05     3.23765e-05    -8.54663e-06 
       0.9     3.18237e-05     5.85291e-06     4.17486e-05     1.20035e-05     3.02583e-05     3.08449e-05     1.85395e-05     3.28637e-05     3.11464e-05     3.05267e-05     3.23079e-05     3.13458e-05     2.64773e-05     2.67546e-05     3.19336e-05    -1.46829e-05 

 ***  ECOV(h) - Directional Expected Covariograms: 
         h        factor#1        factor#2        factor#3        -------> 
       0.1      1.6802e-07     6.49064e-06     5.41628e-06     3.86219e-06     5.81142e-07     6.86144e-07     2.94548e-06     6.49132e-07     3.27637e-07     6.96137e-07     6.01477e-07     7.97101e-07     1.20564e-06     3.93773e-06     5.34437e-07     1.17054e-05 
       0.2     1.12456e-07     3.85522e-06     3.63047e-06     2.47867e-06       3.766e-07     3.53672e-07     1.88734e-06     4.27245e-07     2.10532e-07     4.63313e-07     3.94492e-07     5.00954e-07     7.15328e-07     2.51763e-06     3.38532e-07     7.73285e-06 
       0.3     4.43373e-08     1.33868e-06     1.24707e-06     8.87095e-07     1.39894e-07    -1.13036e-08     7.20051e-07     1.73042e-07     7.59003e-08     1.74488e-07     1.58419e-07     1.37027e-07     1.77616e-07     9.53359e-07     1.14566e-07     2.88452e-06 
       0.4    -3.39006e-08    -1.46393e-06    -1.67652e-06    -8.50115e-07    -1.22438e-07    -3.14751e-07    -5.65192e-07    -1.13435e-07    -7.21782e-08    -1.56419e-07    -1.06563e-07    -2.46795e-07    -3.58583e-07    -7.51635e-07    -1.27392e-07    -2.43915e-06 
       0.5    -1.19301e-07    -4.54814e-06    -4.70666e-06    -2.69801e-06     -4.0553e-07    -5.93408e-07    -1.97751e-06    -4.32136e-07     -2.3053e-07    -5.09491e-07    -4.00403e-07    -6.23385e-07    -8.71832e-07    -2.62348e-06    -3.79467e-07    -8.16956e-06 
       0.6    -2.08622e-07    -7.88212e-06    -6.89348e-06    -4.65735e-06    -7.04689e-07    -8.00234e-07    -3.52403e-06    -7.83034e-07    -3.96665e-07    -8.65547e-07    -7.23414e-07    -9.80218e-07    -1.37563e-06    -4.69445e-06    -6.38229e-07    -1.44106e-05 
       0.7     -2.9851e-07    -1.12961e-05    -8.62957e-06    -6.70588e-06     -1.0151e-06    -8.64166e-07    -5.20657e-06    -1.16616e-06    -5.68006e-07    -1.20977e-06    -1.07678e-06    -1.28876e-06    -1.91114e-06    -6.99183e-06    -9.05565e-07    -2.07485e-05 
       0.8    -3.85789e-07     -1.4837e-05    -1.02084e-05    -8.82181e-06    -1.33063e-06    -8.89608e-07    -7.02229e-06    -1.58163e-06    -7.42006e-07     -1.5417e-06    -1.46271e-06    -1.51412e-06    -2.50224e-06     -9.5677e-06    -1.18479e-06      -2.683e-05 
       0.9     -4.6799e-07    -1.83148e-05    -1.17752e-05    -1.10941e-05    -1.65397e-06    -9.50885e-07    -8.96013e-06    -2.02989e-06    -9.16309e-07    -1.87756e-06    -1.88441e-06    -1.64556e-06    -3.13284e-06    -1.27708e-05     -1.4826e-06    -3.36316e-05 

 ***  IVARS(H) - Integrated Variograms: 
         H        factor#1        factor#2        factor#3        -------> 
       0.1     6.06752e-10     6.95438e-08     2.43352e-08     1.91912e-08     2.60267e-09     5.37214e-09     1.37945e-08     2.63209e-09     1.47657e-09     2.75529e-09     2.48154e-09     4.07746e-09     7.46629e-09     2.48517e-08     2.56201e-09     5.16629e-08 
       0.3     1.20702e-08     7.64555e-07     4.43267e-07     3.29876e-07     4.67544e-08     8.72672e-08     2.43767e-07      4.9258e-08      2.6947e-08     5.26383e-08     4.62039e-08     7.07342e-08     1.24067e-07     3.64758e-07     4.61484e-08     9.27346e-07 
       0.5     5.53273e-08     2.67988e-06     1.94341e-06     1.38214e-06     2.00813e-07     3.11583e-07     1.03121e-06     2.17789e-07     1.15162e-07     2.35395e-07     2.03101e-07     2.92568e-07     4.80487e-07      1.4571e-06     1.92681e-07     4.03644e-06 

 ***  Factor Rankings based on IVARS: 
         H        factor#1        factor#2        factor#3        -------> 
       0.1              16               1               4               5              12               8               6              11              15              10              14               9               7               3              13               2 
       0.3              16               2               3               5              12               8               6              11              15              10              13               9               7               4              14               1 
       0.5              16               2               3               5              13               8               6              11              15              10              12               9               7               4              14               1 

 ***  VARS-TO - Sobol Total-Order Effects calculated through VARS: 
                  factor#1        factor#2        factor#3        -------> 
                0.00514695        0.225172        0.168646        0.121307       0.0180901       0.0226724       0.0920332       0.0200494       0.0102041       0.0214627       0.0186019       0.0251027       0.0387107        0.126699       0.0167326        0.363938 

 ***  Factor Rankings based on VARS-TO: 
                  factor#1        factor#2        factor#3        -------> 
                        16               2               3               5              13               9               6              11              15              10              12               8               7               4              14               1 

 ***  VARS-ABE - Morris mean ABsolute Elementary effects across scales: 
   delta x        factor#1        factor#2        factor#3        -------> 
       0.1     7.86107e-05     0.000962317     0.000467246     0.000580478     0.000242331     0.000233627     0.000545148     0.000230773     0.000126854     0.000237963     0.000190216     0.000146636      0.00035048     0.000627165     0.000230824      0.00113072 
       0.2     0.000158035      0.00179288     0.000936269      0.00114749     0.000481935     0.000465697       0.0010758     0.000460419     0.000253246     0.000475311     0.000378562     0.000287946     0.000695407       0.0012209     0.000459047      0.00224718 
       0.3     0.000237899      0.00258491      0.00141351      0.00171106     0.000718474     0.000691694      0.00159502       0.0006899     0.000380795     0.000711672     0.000564947     0.000432899      0.00103382      0.00180117     0.000683538      0.00338698 
       0.4     0.000317764      0.00335703      0.00190534      0.00227346     0.000952471     0.000901302       0.0021093     0.000919266     0.000508486     0.000950497     0.000749968     0.000576755      0.00135521      0.00238138      0.00090439      0.00450383 
       0.5     0.000397287      0.00414191      0.00240323      0.00283812      0.00118165      0.00110427      0.00262185      0.00114866     0.000635916      0.00118853     0.000933612     0.000719687      0.00165962      0.00296373      0.00111732      0.00559035 
       0.6     0.000476025      0.00491335      0.00284965      0.00341019      0.00141054      0.00129519      0.00313833      0.00137837     0.000762729      0.00142243      0.00111748     0.000862957      0.00196095      0.00355179      0.00132817      0.00667103 
       0.7     0.000553831      0.00564311      0.00325766      0.00399246      0.00163694      0.00146335      0.00366916       0.0016085     0.000888521      0.00165106      0.00130141      0.00100533       0.0022763      0.00414107      0.00153265      0.00770317 
       0.8     0.000629905      0.00635887      0.00364853       0.0045899      0.00185479      0.00164205      0.00421291      0.00183939      0.00101298      0.00187444      0.00148953      0.00114335      0.00260219      0.00472651      0.00173211      0.00863967 
       0.9     0.000703709      0.00702851      0.00403689      0.00522346      0.00206227      0.00180075      0.00477311      0.00207128      0.00113605      0.00209507       0.0016803      0.00127623      0.00293933      0.00531922      0.00193159      0.00963002 

 ***  VARS-ACE - Morris mean ACtual Elementary effects across scales: 
   delta x        factor#1        factor#2        factor#3        -------> 
       0.1     5.07806e-05    -0.000701787    -0.000423995    -0.000580384     -0.00022911      0.00019754     0.000489511     0.000229639     0.000126228     0.000199727     0.000185445     0.000133746     0.000276647     0.000561062    -0.000207677     -0.00102933 
       0.2     0.000100833     -0.00141297    -0.000851781     -0.00114748    -0.000463265     0.000402961     0.000980886     0.000458664     0.000253246     0.000394467     0.000369837     0.000269739     0.000556419      0.00110026    -0.000417497     -0.00208084 
       0.3     0.000150302     -0.00212539     -0.00128568     -0.00171106    -0.000700271     0.000612542      0.00147514     0.000687354     0.000380795      0.00058471     0.000553736     0.000406387     0.000837921      0.00162892    -0.000630402     -0.00318988 
       0.4     0.000199544      -0.0028451     -0.00172947     -0.00227346    -0.000937798      0.00081612      0.00197024     0.000915963     0.000508486     0.000773015      0.00073757     0.000542158      0.00111913      0.00216054    -0.000845432     -0.00429306 
       0.5      0.00024905     -0.00356384     -0.00217733     -0.00283812     -0.00117413      0.00101924      0.00246413      0.00114474     0.000635916     0.000963347     0.000921685     0.000677393      0.00139939      0.00269706     -0.00105888     -0.00536997 
       0.6     0.000299316     -0.00426765      -0.0025942     -0.00341019      -0.0014067      0.00122418      0.00295536      0.00137394     0.000762729      0.00115952      0.00110636     0.000813236       0.0016787      0.00324082     -0.00126815     -0.00643959 
       0.7     0.000350704     -0.00495925     -0.00299993     -0.00399246     -0.00163397      0.00142926        0.003442      0.00160383     0.000888521      0.00136432      0.00129205     0.000948237      0.00195515       0.0038008     -0.00147094     -0.00744304 
       0.8     0.000403331     -0.00565189     -0.00340712      -0.0045899     -0.00185306      0.00161184      0.00392354      0.00183466      0.00101298      0.00157787      0.00147935      0.00107896      0.00222568      0.00440105     -0.00166999     -0.00832337 
       0.9     0.000457025     -0.00631608     -0.00381595     -0.00522346     -0.00206199      0.00177786       0.0044056      0.00206675      0.00113605      0.00179754        0.001669      0.00120372      0.00248983      0.00504956     -0.00186909     -0.00926395 

 ********         Bootstrapping Results        ******** 
 ***  gamma_LL(h) - Lower Limits on Directional Variograms: 
         h        factor#1        factor#2        factor#3        -------> 
       0.1     3.12485e-09     8.03928e-07     1.55681e-07     2.63102e-07     3.79174e-08      3.1096e-08     2.12628e-07     3.79946e-08     1.07563e-08     3.51104e-08     3.30944e-08     2.54616e-08     8.02899e-08      2.5869e-07     3.39277e-08     8.34687e-07 
       0.2     1.25194e-08      2.4257e-06     6.05137e-07      9.8399e-07     1.49194e-07     1.22674e-07     8.03749e-07     1.50431e-07     4.31436e-08     1.39879e-07     1.30009e-07     8.83336e-08     3.17865e-07      9.8706e-07     1.35396e-07     3.15684e-06 
       0.3     2.77969e-08     4.53967e-06     1.31493e-06     2.06381e-06     3.27882e-07     2.72123e-07     1.72435e-06     3.35291e-07     9.72636e-08     3.11989e-07     2.88567e-07      1.7493e-07     7.07526e-07     2.13285e-06     3.02833e-07      7.0366e-06 
       0.4     4.88927e-08     7.33751e-06     2.29887e-06     3.52159e-06     5.75119e-07     4.74154e-07     2.96614e-06     5.91405e-07     1.72589e-07     5.50142e-07     5.08958e-07     2.79291e-07     1.22227e-06     3.68299e-06     5.33006e-07      1.2239e-05 
       0.5     7.57499e-08     1.08546e-05     3.53435e-06     5.36119e-06     8.91509e-07     7.29811e-07     4.51661e-06     9.18509e-07      2.6581e-07     8.57008e-07     7.86247e-07     4.13124e-07     1.83347e-06     5.64343e-06     8.16229e-07     1.87055e-05 
       0.6     1.08063e-07     1.50789e-05     4.99074e-06      7.5511e-06     1.27298e-06     1.02618e-06     6.39561e-06     1.31621e-06     3.80459e-07     1.23269e-06     1.12192e-06     5.78094e-07     2.53804e-06     7.97081e-06     1.14165e-06     2.65272e-05 
       0.7     1.46289e-07     1.98814e-05     6.67316e-06     1.02211e-05     1.68809e-06     1.37339e-06     8.66901e-06     1.78409e-06      5.1232e-07     1.67487e-06     1.51615e-06     7.78696e-07     3.36006e-06     1.07247e-05     1.49838e-06     3.52231e-05 
       0.8     1.90016e-07     2.51627e-05      8.5887e-06     1.33296e-05     2.15581e-06     1.74675e-06     1.13406e-05     2.33281e-06     6.54022e-07     2.19458e-06     1.97658e-06     1.03434e-06     4.34764e-06     1.37241e-05     1.88242e-06      4.4388e-05 
       0.9      2.3923e-07     3.04885e-05     1.08963e-05     1.69887e-05     2.63779e-06     2.09821e-06     1.44728e-05     2.95624e-06     8.20291e-07     2.75151e-06     2.51548e-06     1.33773e-06     5.49151e-06     1.67963e-05     2.36696e-06     5.51842e-05 

 ***  gamma_UL(h) - Upper Limits on Directional Variograms: 
         h        factor#1        factor#2        factor#3        -------> 
       0.1     2.88309e-08     2.08031e-06       1.027e-06     5.23905e-07     7.02281e-08     2.49698e-07     3.50466e-07     6.89677e-08     5.72565e-08     8.44662e-08     6.92511e-08     1.57284e-07     2.44327e-07     8.85545e-07     7.51516e-08     1.23653e-06 
       0.2     1.20813e-07       4.425e-06     3.98722e-06     1.90288e-06     2.58825e-07     8.68148e-07     1.31867e-06     2.72256e-07     2.18174e-07     3.42796e-07     2.73481e-07     6.10794e-07     8.47294e-07     2.43329e-06     2.83533e-07     4.66029e-06 
       0.3     2.81241e-07     7.24874e-06     8.82418e-06     4.14236e-06     5.45932e-07     1.65051e-06     2.80305e-06     6.06053e-07     4.65064e-07     7.77524e-07     6.07027e-07     1.33758e-06     1.62091e-06      4.6492e-06     5.85518e-07     1.03817e-05 
       0.4     5.10189e-07      1.1408e-05     1.57871e-05     7.14592e-06     9.36842e-07     2.25491e-06     4.79597e-06     1.06974e-06     7.89403e-07      1.3895e-06     1.06565e-06     2.30598e-06     2.48576e-06     7.60178e-06     9.47393e-07     1.81171e-05 
       0.5     8.01438e-07     1.70028e-05     2.43562e-05     1.07195e-05     1.43125e-06     2.75028e-06     7.35881e-06     1.65895e-06     1.18223e-06     2.14732e-06     1.65298e-06     3.42149e-06     3.25874e-06     1.13643e-05     1.38353e-06     2.79202e-05 
       0.6     1.14129e-06      2.3662e-05      3.1144e-05     1.47788e-05      2.0105e-06     3.05309e-06     1.04534e-05     2.37764e-06     1.65195e-06     2.96069e-06     2.36902e-06     4.60889e-06      4.1249e-06     1.60687e-05     1.89401e-06      3.9628e-05 
       0.7     1.50984e-06     3.14652e-05     3.60639e-05     1.95058e-05     2.66757e-06     3.08607e-06     1.40998e-05     3.23613e-06     2.18171e-06     3.75149e-06     3.22624e-06     5.71409e-06     5.35563e-06     2.20193e-05     2.52068e-06      5.2893e-05 
       0.8     1.88538e-06     4.02593e-05     4.02393e-05     2.44297e-05     3.41324e-06      3.1722e-06     1.83848e-05     4.23185e-06     2.82508e-06     4.47508e-06     4.21796e-06     6.41076e-06     6.94501e-06     2.97797e-05     3.24628e-06     6.68766e-05 
       0.9     2.24839e-06      5.0216e-05     4.46558e-05     3.03672e-05     4.26144e-06     3.38938e-06     2.33366e-05     5.37192e-06     3.56533e-06     5.15925e-06     5.37658e-06     6.63113e-06     8.85712e-06     4.19222e-05     4.08564e-06     8.39712e-05 

 ***  IVARS_LL(H) - Lower Limits on Integrated Variograms: 
         H        factor#1        factor#2        factor#3        -------> 
       0.1     1.56242e-10     4.01964e-08     7.78406e-09     1.31551e-08     1.89587e-09      1.5548e-09     1.06314e-08     1.89973e-09     5.37814e-10     1.75552e-09     1.65472e-09     1.27308e-09      4.0145e-09     1.29345e-08     1.69638e-09     4.17344e-08 
       0.3     2.96069e-09     5.61217e-07     1.41751e-07     2.28682e-07     3.52144e-08     2.90645e-08      1.8828e-07     3.56203e-08     1.02818e-08     3.31298e-08     3.07534e-08     2.02002e-08     7.50573e-08     2.32214e-07     3.21325e-08      7.5237e-07 
       0.5      1.3036e-08     2.08847e-06     6.14347e-07     9.43839e-07     1.52971e-07     1.26426e-07     7.97745e-07     1.57454e-07     4.60294e-08     1.46502e-07     1.35487e-07     7.73112e-08     3.28067e-07     9.87686e-07     1.41656e-07     3.26616e-06 

 ***  IVARS_UL(H) - Upper Limits on Integrated Variograms: 
         H        factor#1        factor#2        factor#3        -------> 
       0.1     1.44154e-09     1.04016e-07     5.13499e-08     2.61953e-08      3.5114e-09     1.24849e-08     1.75233e-08     3.44838e-09     2.86283e-09     4.22331e-09     3.46256e-09     7.86418e-09     1.22163e-08     4.42773e-08     3.75758e-09     6.18267e-08 
       0.3       2.903e-08     1.00444e-06     9.42412e-07     4.47945e-07     6.03749e-08     1.94416e-07     3.06586e-07     6.44354e-08     5.07798e-08     8.16001e-08     6.46926e-08     1.43599e-07     1.90361e-07     5.63939e-07     6.51914e-08     1.10864e-06 
       0.5     1.34148e-07     3.29997e-06      4.1762e-06     1.90621e-06     2.51601e-07     6.39958e-07     1.29056e-06     2.84642e-07     2.11594e-07     3.66663e-07     2.83957e-07     6.12894e-07     6.81649e-07     2.12417e-06     2.56515e-07      4.8373e-06 

 ***  VARS-TO_LL - Lower Limits on Sobol Total-Order Effects calculated through VARS: 
                  factor#1        factor#2        factor#3        -------> 
                0.00119281        0.176848       0.0554483       0.0841117       0.0140826       0.0113889       0.0712023       0.0144808      0.00418791       0.0135514       0.0123884      0.00647408       0.0288318       0.0895465       0.0127564         0.29275 

 ***  VARS-TO_UL - Lower Limits on Sobol Total-Order Effects calculated through VARS: 
                  factor#1        factor#2        factor#3        -------> 
                 0.0125337        0.275279        0.358386        0.167034       0.0224647       0.0413527        0.115601       0.0261527       0.0184907       0.0329612       0.0260695       0.0534599       0.0503542        0.178137       0.0215566        0.436669 

 ***  Reliability Estimates of Factor Rankings based on IVARS: 
         H        factor#1        factor#2        factor#3        -------> 
       0.1           0.999           0.822           0.257           0.588           0.332           0.389           0.668           0.081           0.885            0.51           0.329            0.61             0.7           0.312           0.245           0.802 
       0.3           0.999           0.752           0.498           0.528           0.239           0.458           0.669           0.147           0.902           0.551           0.139           0.566           0.817           0.791           0.102           0.839 
       0.5           0.995           0.754           0.394           0.482           0.208           0.421           0.658           0.218           0.918           0.572           0.192           0.377           0.912           0.753           0.214           0.954 

 ***  Reliability Estimates of Factor Rankings based on VARS-TO: 
                  factor#1        factor#2        factor#3        -------> 
                     0.994           0.742           0.382           0.465           0.272           0.479           0.649           0.241           0.917           0.554           0.228            0.39           0.852            0.73           0.425           0.962 

 ***  Factor Grouping based on VARS-TO & IVARS50: 
                  factor#1        factor#2        factor#3        -------> 
 VARS-TO              4               1               3               3               2               2               3               2               4               2               2               2               2               3               2               1 
 IVARS50              1               2               2               2               3               3               2               3               3               3               3               3               3               2               3               2 

 ***  Reliability Estimates of Rankings based on Factor Grouping: 
                  factor#1        factor#2        factor#3        -------> 
 VARS-TO          0.996           0.742           0.742               1               1               1           0.999           0.985           0.917               1           0.985           0.993               1               1           0.949               1 
 IVARS50          0.999               1           0.944               1               1           0.977           0.991           0.999               1               1               1               1           0.958               1               1               1 
