 -------- Variogram Analysis of Response Surfaces (VARS) Output File -------- 
 VARS settings: 
 Target Number of Stars = 100 
 Current Number of Stars = 30 
 minimum h = 0.1 
 Bootstrap Size = 1000 
 Bootstrap Confidence Level = 0.9 

 ***  gamma(h) - Directional Variograms: 
         h        factor#1        factor#2        factor#3        -------> 
       0.1     3.37117e-09      5.1902e-07     9.35278e-07     3.50648e-07     4.68587e-08     3.67018e-08     2.99805e-07     4.70396e-08      8.4044e-09     4.65345e-08     4.77405e-08     4.65762e-08     2.00888e-07     8.32184e-07     4.69111e-08     1.24195e-06 
       0.2     1.34162e-08     2.00274e-06     3.66336e-06     1.25749e-06     1.86696e-07      1.4579e-07     1.10783e-06     1.86276e-07     3.32138e-08     1.85141e-07     1.88809e-07     1.43165e-07     6.43203e-07     2.23081e-06     1.87467e-07     4.59922e-06 
       0.3     3.00322e-08     4.39847e-06     8.17102e-06     2.64388e-06     4.18794e-07     3.26358e-07     2.37799e-06     4.15879e-07     7.40934e-08      4.1457e-07     4.21044e-07     2.57852e-07     1.19837e-06     4.23498e-06     4.21491e-07     1.00873e-05 
       0.4     5.31292e-08     7.70899e-06     1.46935e-05     4.51986e-06     7.42991e-07     5.78183e-07     4.10943e-06     7.35247e-07     1.30941e-07     7.34221e-07     7.43622e-07     3.88767e-07     1.83906e-06     6.93196e-06     7.48889e-07     1.74531e-05 
       0.5     8.26513e-08     1.19267e-05     2.27075e-05     6.90259e-06     1.15954e-06     9.01253e-07     6.31101e-06     1.14495e-06     2.03808e-07     1.14429e-06     1.15717e-06     5.44376e-07     2.63931e-06     1.04008e-05     1.16964e-06     2.66569e-05 
       0.6     1.18594e-07     1.70353e-05     2.89011e-05     9.80866e-06     1.66905e-06     1.29576e-06     9.00039e-06     1.64671e-06     2.92877e-07     1.64576e-06     1.66358e-06     7.38749e-07     3.60701e-06     1.47719e-05     1.68382e-06     3.80426e-05 
       0.7     1.61006e-07     2.29787e-05     3.32079e-05     1.32728e-05     2.27263e-06     1.76245e-06     1.22116e-05     2.24343e-06     3.98492e-07     2.24029e-06     2.26591e-06     9.96102e-07     4.76267e-06     2.03282e-05     2.29161e-06     5.09815e-05 
       0.8     2.09987e-07     2.95874e-05     3.64431e-05     1.73959e-05     2.97211e-06     2.30304e-06     1.60004e-05     2.93924e-06     5.21232e-07     2.93006e-06     2.96838e-06     1.36268e-06     6.23301e-06     2.78611e-05     2.99336e-06      6.4819e-05 
       0.9     2.65671e-07     3.68513e-05     3.89819e-05     2.24374e-05     3.76977e-06      2.9207e-06     2.04765e-05     3.73973e-06      6.6206e-07     3.71715e-06       3.777e-06     1.92179e-06     8.26426e-06     4.02286e-05     3.78963e-06     8.21786e-05 

 ***  COV(h) - Directional Covariograms: 
         h        factor#1        factor#2        factor#3        -------> 
       0.1     3.87885e-05     2.48074e-05     0.000105223     3.13227e-05     3.72499e-05     3.62462e-05     3.42063e-05     3.56892e-05     3.84947e-05     4.19966e-05     3.92587e-05      4.0009e-05     3.17529e-05     5.26718e-05     4.48858e-05     3.48448e-05 
       0.2      3.8764e-05     2.26328e-05     0.000102504     3.01613e-05     3.70621e-05     3.60715e-05     3.29433e-05     3.54498e-05     3.84721e-05     4.17703e-05     3.89993e-05     3.99455e-05     3.11832e-05     5.07372e-05     4.46902e-05     3.01857e-05 
       0.3      3.8747e-05     2.02436e-05     9.79493e-05     2.87855e-05     3.68315e-05     3.58931e-05     3.16826e-05     3.52219e-05      3.8431e-05     4.15414e-05     3.87692e-05     3.98382e-05     3.06714e-05     4.91238e-05     4.44573e-05      2.4626e-05 
       0.4      3.8738e-05      1.7643e-05     9.17505e-05     2.71874e-05     3.65565e-05     3.57089e-05     3.04232e-05     3.50045e-05     3.83717e-05       4.131e-05     3.85669e-05     3.96845e-05     3.02101e-05     4.76311e-05     4.41861e-05     1.87782e-05 
       0.5     3.87371e-05     1.48253e-05     8.31654e-05     2.53581e-05     3.62365e-05     3.55175e-05     2.91588e-05     3.47967e-05     3.82943e-05     4.10756e-05     3.83914e-05     3.94778e-05     2.97387e-05     4.62802e-05     4.38761e-05     1.25131e-05 
       0.6     3.87442e-05     1.18169e-05     7.61153e-05     2.32821e-05     3.58718e-05     3.53205e-05     2.78752e-05      3.4598e-05     3.81984e-05     4.08377e-05      3.8242e-05     3.92067e-05     2.92643e-05     4.50859e-05     4.35281e-05     5.53552e-06 
       0.7     3.87585e-05     8.69666e-06     7.20879e-05     2.09274e-05     3.54636e-05     3.51213e-05     2.65463e-05     3.44075e-05     3.80834e-05     4.05954e-05     3.81187e-05     3.88537e-05     2.88012e-05     4.41046e-05     4.31437e-05    -1.41235e-06 
       0.8     3.87793e-05     5.63054e-06     6.82513e-05     1.82323e-05     3.50128e-05     3.49218e-05     2.51442e-05      3.4225e-05      3.7948e-05     4.03476e-05     3.80218e-05     3.83933e-05     2.83514e-05     4.36717e-05     4.27249e-05    -8.10866e-06 
       0.9     3.88055e-05     2.73175e-06     6.43241e-05     1.51087e-05     3.45201e-05     3.47211e-05     2.36663e-05     3.40508e-05     3.77906e-05     4.00933e-05     3.79507e-05     3.77991e-05     2.79324e-05     4.50455e-05      4.2274e-05    -1.52592e-05 

 ***  ECOV(h) - Directional Expected Covariograms: 
         h        factor#1        factor#2        factor#3        -------> 
       0.1     4.22746e-08     6.05329e-06     1.07149e-05     3.44547e-06     5.94765e-07     4.61748e-07     3.17901e-06     5.86319e-07     1.04258e-07      5.8645e-07     5.92319e-07      2.4828e-07     1.23478e-06     4.84246e-06     6.00219e-07      1.3412e-05 
       0.2     2.78837e-08     3.95616e-06     7.30716e-06     2.21037e-06     3.93309e-07     3.05038e-07     2.05728e-06     3.86662e-07     6.87356e-08      3.8721e-07     3.90303e-07     1.35658e-07     7.01378e-07     3.10089e-06     3.97371e-07     8.81942e-06 
       0.3     1.13154e-08      1.5539e-06     2.41647e-06     8.55777e-07     1.61667e-07     1.24819e-07     8.09969e-07     1.58367e-07     2.80559e-08     1.58543e-07     1.59477e-07     3.60804e-08     1.86518e-07     1.27144e-06     1.63442e-07     3.27777e-06 
       0.4    -7.39056e-09    -1.13748e-06    -3.83656e-06    -6.47234e-07    -1.00445e-07    -7.89416e-08    -5.79284e-07    -9.92577e-08    -1.78602e-08    -9.97633e-08    -1.00716e-07    -6.11122e-08    -3.14226e-07    -7.81719e-07    -1.01562e-07    -2.72884e-06 
       0.5     -2.8192e-08    -4.11726e-06    -1.02332e-05    -2.30984e-06    -3.93326e-07    -3.06179e-07    -2.12037e-06    -3.87024e-07    -6.90841e-08    -3.88095e-07    -3.91153e-07    -1.64088e-07    -8.58916e-07    -3.10879e-06    -3.97634e-07    -9.18654e-06 
       0.6    -5.10533e-08    -7.36888e-06    -1.40007e-05    -4.13572e-06    -7.17336e-07    -5.56937e-07    -3.81901e-06     -7.0588e-07    -1.25689e-07    -7.06953e-07      -7.129e-07    -2.79511e-07    -1.44329e-06    -5.76728e-06    -7.24792e-07    -1.64532e-05 
       0.7     -7.5953e-08     -1.0836e-05    -1.63309e-05    -6.12954e-06    -1.07301e-06    -8.31621e-07    -5.68136e-06    -1.05691e-06    -1.87761e-07     -1.0569e-06    -1.06707e-06    -4.14318e-07    -2.05945e-06    -8.86989e-06     -1.0831e-06    -2.39322e-05 
       0.8    -1.02891e-07    -1.43757e-05    -1.79536e-05    -8.30362e-06    -1.46107e-06    -1.13098e-06    -7.70759e-06    -1.44137e-06    -2.55409e-07    -1.43847e-06    -1.45474e-06    -5.76529e-07    -2.70939e-06     -1.2728e-05    -1.47267e-06    -3.11418e-05 
       0.9     -1.3189e-07    -1.79074e-05    -1.90902e-05     -1.0675e-05    -1.88227e-06    -1.45601e-06    -9.87943e-06    -1.86069e-06    -3.28784e-07    -1.85203e-06    -1.87736e-06    -7.72617e-07    -3.38136e-06    -1.83804e-05    -1.89373e-06    -3.93608e-05 

 ***  IVARS(H) - Integrated Variograms: 
         H        factor#1        factor#2        factor#3        -------> 
       0.1     1.68559e-10      2.5951e-08     4.67639e-08     1.75324e-08     2.34294e-09     1.83509e-09     1.49903e-08     2.35198e-09      4.2022e-10     2.32672e-09     2.38703e-09     2.32881e-09     1.00444e-08     4.16092e-08     2.34555e-09     6.20975e-08 
       0.3     3.18035e-09     4.72099e-07     8.68414e-07     2.93008e-07     4.42951e-08     3.45671e-08     2.59663e-07     4.41255e-08     7.86649e-09     4.38961e-08     4.47072e-08     3.18668e-08     1.44328e-07     5.18048e-07     4.45123e-08     1.08848e-06 
       0.5     1.41274e-08     2.05926e-06     3.88169e-06     1.22232e-06     1.97511e-07     1.53766e-07     1.10506e-06     1.95692e-07     3.48557e-08     1.95261e-07      1.9798e-07     1.10855e-07     5.20118e-07     1.94303e-06     1.98958e-07       4.671e-06 

 ***  Factor Rankings based on IVARS: 
         H        factor#1        factor#2        factor#3        -------> 
       0.1              16               4               2               5              11              14               6               9              15              13               8              12               7               3              10               1 
       0.3              16               4               2               5              10              13               6              11              15              12               8              14               7               3               9               1 
       0.5              16               3               2               5              10              13               6              11              15              12               9              14               7               4               8               1 

 ***  VARS-TO - Sobol Total-Order Effects calculated through VARS: 
                  factor#1        factor#2        factor#3        -------> 
                0.00105962         0.15257        0.270448       0.0881234       0.0148947       0.0115711       0.0807574       0.0147028      0.00261536       0.0146941       0.0148584      0.00684481       0.0333276        0.131732       0.0150225        0.340178 

 ***  Factor Rankings based on VARS-TO: 
                  factor#1        factor#2        factor#3        -------> 
                        16               3               2               5               9              13               6              11              15              12              10              14               7               4               8               1 

 ***  VARS-ABE - Morris mean ABsolute Elementary effects across scales: 
   delta x        factor#1        factor#2        factor#3        -------> 
       0.1     6.63744e-05     0.000809924     0.000523826     0.000604223       0.0002322     0.000213672        0.000565     0.000221199     0.000100259     0.000231506     0.000181623      0.00011906     0.000354857      0.00066602     0.000224771      0.00123063 
       0.2     0.000132446      0.00160323      0.00107028      0.00118681      0.00046272     0.000425926      0.00110798     0.000440836     0.000199785     0.000461846     0.000362003     0.000227827     0.000690468      0.00126519     0.000449068      0.00242179 
       0.3     0.000198328      0.00239271      0.00164346      0.00176078     0.000692165     0.000636872      0.00163773     0.000659435     0.000298935     0.000690667      0.00054163     0.000331399      0.00101079      0.00184889     0.000673043       0.0036287 
       0.4      0.00026383      0.00317782      0.00226584      0.00233432     0.000920254     0.000848048      0.00216648     0.000877606     0.000398008     0.000918566     0.000720844     0.000433937      0.00131912      0.00242485     0.000896612       0.0048015 
       0.5     0.000329184      0.00395783       0.0028877      0.00291275      0.00114752       0.0010585       0.0026933      0.00109595     0.000497276      0.00114554     0.000900113     0.000538729      0.00162173       0.0030213      0.00111934      0.00595738 
       0.6      0.00039432      0.00473144      0.00338313      0.00350147      0.00137401       0.0012685      0.00322147      0.00131519     0.000597012      0.00137159      0.00108019     0.000649293       0.0019248      0.00363717      0.00134195       0.0071243 
       0.7     0.000459806      0.00550939      0.00379856      0.00410849      0.00160012      0.00147778      0.00375793      0.00153594     0.000697515      0.00159915      0.00126157     0.000769666      0.00223195      0.00426677      0.00156404      0.00823557 
       0.8     0.000525079      0.00625643       0.0041778      0.00474709      0.00182698      0.00168555      0.00430456      0.00175923     0.000799141      0.00182852      0.00144459      0.00090492      0.00257445      0.00492916      0.00178578      0.00923714 
       0.9     0.000590138      0.00696818      0.00453421       0.0054355      0.00205554      0.00189268       0.0048848      0.00198511     0.000902335      0.00206149      0.00162919      0.00106184      0.00297034      0.00567065      0.00200631       0.0104004 

 ***  VARS-ACE - Morris mean ACtual Elementary effects across scales: 
   delta x        factor#1        factor#2        factor#3        -------> 
       0.1     6.55709e-05    -0.000774242    -0.000503801    -0.000603944    -0.000228301     0.000210082     0.000520883     0.000219662     0.000100259     0.000229054     0.000180522     0.000111488     0.000259562     0.000629281     -0.00022061     -0.00109716 
       0.2      0.00013127     -0.00156411     -0.00104445     -0.00118677    -0.000455445     0.000418349      0.00104736     0.000437838     0.000199785     0.000457131      0.00036006     0.000213277     0.000534282      0.00121882    -0.000440807     -0.00222202 
       0.3      0.00019706     -0.00236117     -0.00162644     -0.00176078    -0.000681937     0.000625479      0.00157372      0.00065514     0.000298935     0.000684472      0.00053902      0.00031026     0.000818456      0.00181019    -0.000660798     -0.00340634 
       0.4      0.00026288     -0.00315429     -0.00225004     -0.00233432    -0.000908322     0.000832326      0.00209901     0.000872211     0.000398008     0.000911548     0.000717746     0.000406541      0.00110565      0.00240613    -0.000880753     -0.00457343 
       0.5     0.000328657     -0.00394439     -0.00287536     -0.00291275     -0.00113503      0.00103973      0.00262391      0.00108971     0.000497276      0.00113896     0.000896761     0.000505336      0.00138714      0.00300432     -0.00110082     -0.00571164 
       0.6      0.00039432     -0.00473144     -0.00337506     -0.00350147     -0.00136248      0.00124849      0.00314852      0.00130832     0.000597012      0.00136732      0.00107662     0.000609812      0.00165847      0.00360919     -0.00132113     -0.00686015 
       0.7     0.000459806     -0.00550939     -0.00379503     -0.00410849     -0.00159119      0.00145945      0.00367202      0.00152866     0.000697515       0.0015971      0.00125771      0.00072394      0.00190973      0.00422377     -0.00154186     -0.00794812 
       0.8     0.000525079     -0.00625643      -0.0041778     -0.00474709     -0.00182178       0.0016734      0.00418942      0.00175135     0.000799141      0.00182852      0.00144024      0.00085311      0.00213713      0.00487528     -0.00176323     -0.00888807 
       0.9     0.000590138     -0.00696818     -0.00453421      -0.0054355     -0.00205471      0.00189073      0.00468795      0.00197696     0.000902335      0.00206149      0.00162469       0.0010034      0.00233606      0.00566353     -0.00198549     -0.00987448 

 ********         Bootstrapping Results        ******** 
 ***  gamma_LL(h) - Lower Limits on Directional Variograms: 
         h        factor#1        factor#2        factor#3        -------> 
       0.1     1.99382e-09     3.23496e-07     7.54813e-08     2.13402e-07     2.40574e-08     2.10104e-08     1.76947e-07     2.16293e-08     4.93543e-09     2.38357e-08     1.37176e-08     6.69485e-09     5.58127e-08     1.78291e-07     2.20956e-08       7.967e-07 
       0.2     7.88573e-09     1.25437e-06     3.00793e-07     7.90889e-07     9.57323e-08     8.30781e-08     6.57238e-07     8.55205e-08     1.93941e-08      9.4563e-08     5.46521e-08     2.52168e-08     2.21224e-07     6.40993e-07      8.8446e-08     2.95504e-06 
       0.3     1.75884e-08     2.76607e-06     6.76848e-07     1.67773e-06     2.14846e-07     1.85335e-07     1.39337e-06     1.91068e-07     4.25744e-08      2.1152e-07      1.2256e-07     5.40568e-08      4.9359e-07     1.39447e-06     1.99042e-07     6.56226e-06 
       0.4     3.10705e-08     4.86761e-06     1.19489e-06     2.85876e-06     3.81297e-07     3.27145e-07     2.37371e-06     3.38189e-07      7.4946e-08     3.73836e-07     2.16202e-07     9.03263e-08     8.68872e-07     2.44189e-06     3.53717e-07      1.1239e-05 
       0.5     4.82599e-08     7.50313e-06     1.84725e-06     4.30963e-06     5.95031e-07     5.08658e-07     3.62007e-06     5.26897e-07     1.15929e-07     5.82507e-07      3.3631e-07     1.36551e-07     1.34528e-06     3.77414e-06     5.52173e-07     1.71996e-05 
       0.6     6.90597e-08     1.07032e-05     2.64732e-06     6.09242e-06     8.55913e-07     7.29865e-07     5.12381e-06     7.57692e-07     1.66392e-07     8.36914e-07     4.83758e-07     1.92417e-07      1.8712e-06     5.39734e-06     7.94022e-07     2.42849e-05 
       0.7       9.312e-08       1.436e-05      3.5987e-06     8.24716e-06      1.1639e-06     9.91108e-07     6.91305e-06     1.03146e-06     2.26498e-07     1.13829e-06     6.59663e-07     2.59991e-07     2.53606e-06     7.29344e-06      1.0788e-06     3.22116e-05 
       0.8        1.21e-07     1.82082e-05     4.70057e-06     1.09105e-05     1.51936e-06     1.29359e-06     8.99458e-06     1.34944e-06     2.96551e-07     1.49147e-06     8.62111e-07     3.43196e-07     3.31728e-06     9.42936e-06     1.40599e-06     4.06666e-05 
       0.9     1.52637e-07     2.23557e-05     5.93966e-06     1.42589e-05       1.923e-06     1.64074e-06     1.14628e-05     1.71329e-06     3.80293e-07     1.89509e-06     1.08972e-06     4.45821e-07     4.26908e-06     1.18283e-05     1.77506e-06     5.12433e-05 

 ***  gamma_UL(h) - Upper Limits on Directional Variograms: 
         h        factor#1        factor#2        factor#3        -------> 
       0.1      4.8739e-09     7.16063e-07      2.5588e-06     5.22858e-07     7.04475e-08     5.38391e-08     4.34171e-07     7.61924e-08     1.24365e-08      7.0156e-08     9.20522e-08     1.18662e-07      4.1049e-07     1.95544e-06     7.34402e-08     1.66439e-06 
       0.2     1.94271e-08     2.75014e-06     1.00105e-05     1.78204e-06     2.80858e-07      2.1411e-07     1.62563e-06     3.01913e-07     4.93181e-08     2.79413e-07     3.63287e-07     3.51397e-07     1.18125e-06     4.66272e-06     2.93316e-07     6.18325e-06 
       0.3      4.3575e-08     6.00912e-06     2.23265e-05      3.7631e-06     6.30639e-07     4.79891e-07     3.50495e-06     6.73887e-07     1.09516e-07     6.26265e-07     8.08986e-07     6.03807e-07     2.01328e-06     8.28223e-06     6.59186e-07     1.36306e-05 
       0.4     7.72697e-08     1.05291e-05     4.02169e-05     6.47262e-06      1.1203e-06      8.5041e-07     6.09623e-06     1.19049e-06     1.92833e-07     1.11003e-06     1.42756e-06     8.72562e-07     2.89754e-06     1.30608e-05     1.17115e-06      2.3754e-05 
       0.5     1.20574e-07     1.62531e-05     6.21104e-05     9.94186e-06     1.74884e-06     1.32575e-06     9.37231e-06     1.85358e-06      3.0088e-07     1.73103e-06     2.22043e-06     1.18144e-06     3.96947e-06     1.92319e-05     1.82932e-06     3.63997e-05 
       0.6     1.73517e-07     2.32966e-05     7.80615e-05     1.41818e-05     2.51747e-06     1.90568e-06     1.34042e-05     2.66603e-06     4.32921e-07      2.4905e-06     3.19187e-06      1.5719e-06     5.31597e-06      2.7196e-05     2.63423e-06     5.23426e-05 
       0.7      2.3567e-07      3.1537e-05      8.7863e-05     1.91837e-05     3.42764e-06     2.59118e-06     1.82404e-05     3.63246e-06     5.89046e-07     3.39055e-06     4.34909e-06      2.1169e-06     7.03943e-06     3.78191e-05     3.58708e-06     7.04972e-05 
       0.8     3.07226e-07      4.0777e-05     9.39403e-05      2.5006e-05     4.47891e-06     3.38788e-06     2.39612e-05     4.76272e-06     7.69137e-07     4.43385e-06     5.70256e-06     2.95285e-06     9.21025e-06     5.34142e-05     4.68939e-06     9.00904e-05 
       0.9     3.88754e-07     5.11302e-05      9.7361e-05     3.18884e-05      5.6772e-06     4.30022e-06     3.07557e-05     6.06717e-06      9.7424e-07     5.62273e-06     7.26738e-06     4.31435e-06     1.22171e-05     8.23926e-05     5.94024e-06     0.000114737 

 ***  IVARS_LL(H) - Lower Limits on Integrated Variograms: 
         H        factor#1        factor#2        factor#3        -------> 
       0.1     9.96912e-11     1.61748e-08     3.77407e-09     1.06701e-08     1.20287e-09     1.05052e-09     8.84737e-09     1.08146e-09     2.46771e-10     1.19178e-09     6.85878e-10     3.34743e-10     2.79064e-09     8.91455e-09     1.10478e-09      3.9835e-08 
       0.3     1.86716e-09     2.96979e-07     7.14403e-08     1.83741e-07     2.27172e-08     1.96917e-08     1.52706e-07     2.02471e-08     4.59264e-09     2.24094e-08      1.2978e-08     5.86987e-09     5.23832e-08     1.51342e-07     2.10063e-08      7.0286e-07 
       0.5     8.25224e-09     1.29681e-06     3.18537e-07     7.75225e-07     1.01341e-07     8.71154e-08      6.4196e-07     8.99637e-08     1.99536e-08      9.9456e-08     5.75858e-08     2.45109e-08     2.32015e-07     6.52315e-07     9.39386e-08     3.03527e-06 

 ***  IVARS_UL(H) - Upper Limits on Integrated Variograms: 
         H        factor#1        factor#2        factor#3        -------> 
       0.1     2.43695e-10     3.58032e-08      1.2794e-07     2.61429e-08     3.52237e-09     2.69196e-09     2.17085e-08     3.80962e-09     6.21824e-10      3.5078e-09     4.60261e-09     5.93312e-09     2.05245e-08     9.77718e-08     3.67201e-09     8.32197e-08 
       0.3     4.60967e-09     6.46493e-07     2.37321e-06     4.13406e-07     6.66503e-08     5.07882e-08     3.81745e-07     7.15313e-08     1.16543e-08     6.62702e-08     8.59832e-08     7.72755e-08     2.57027e-07     1.07485e-06     6.96413e-08     1.46171e-06 
       0.5     2.05383e-08       2.816e-06     1.06168e-05     1.74253e-06     2.97661e-07     2.26191e-07     1.63494e-06     3.16961e-07     5.12909e-08     2.95138e-07     3.80209e-07     2.53472e-07     8.51163e-07     3.75897e-06     3.11174e-07      6.3651e-06 

 ***  VARS-TO_LL - Lower Limits on Sobol Total-Order Effects calculated through VARS: 
                  factor#1        factor#2        factor#3        -------> 
               0.000617385       0.0958973       0.0237331       0.0548514      0.00763952      0.00652987       0.0462107      0.00676461      0.00148734       0.0074759      0.00432296      0.00173595       0.0170781       0.0483757      0.00708623        0.217815 

 ***  VARS-TO_UL - Lower Limits on Sobol Total-Order Effects calculated through VARS: 
                  factor#1        factor#2        factor#3        -------> 
                0.00154848        0.208232        0.734154        0.126829       0.0224637       0.0170151        0.120092       0.0238026      0.00386245       0.0222314       0.0285084       0.0147632       0.0495551        0.241935        0.023501        0.465564 

 ***  Reliability Estimates of Factor Rankings based on IVARS: 
         H        factor#1        factor#2        factor#3        -------> 
       0.1               1           0.585           0.342           0.424           0.185           0.358           0.447           0.214           0.948            0.02           0.251           0.023           0.571            0.43           0.232           0.718 
       0.3               1           0.548           0.328           0.495           0.223           0.488            0.47           0.111           0.929           0.151           0.298           0.476           0.714           0.586           0.258           0.702 
       0.5               1           0.252           0.311            0.53           0.227           0.533           0.458           0.123           0.916           0.139           0.126           0.587           0.839           0.409           0.081           0.685 

 ***  Reliability Estimates of Factor Rankings based on VARS-TO: 
                  factor#1        factor#2        factor#3        -------> 
                         1           0.357           0.325           0.553           0.193           0.573           0.459           0.139           0.895           0.139           0.034            0.69           0.931           0.513           0.097           0.699 

 ***  Factor Grouping based on VARS-TO & IVARS50: 
                  factor#1        factor#2        factor#3        -------> 
 VARS-TO              1               2               2               2               3               3               2               3               1               3               3               3               3               2               3               2 
 IVARS50              2               1               3               1               4               4               1               4               2               4               4               4               1               3               4               3 

 ***  Reliability Estimates of Rankings based on Factor Grouping: 
                  factor#1        factor#2        factor#3        -------> 
 VARS-TO              1               1           0.938               1               1               1               1               1           0.895               1               1           0.894           0.939               1               1               1 
 IVARS50              1           0.627           0.626           0.779               1               1           0.906               1           0.948               1               1           0.853           0.886           0.643               1               1 
