 -------- Variogram Analysis of Response Surfaces (VARS) Output File -------- 
 VARS settings: 
 Target Number of Stars = 100 
 Current Number of Stars = 60 
 minimum h = 0.1 
 Bootstrap Size = 1000 
 Bootstrap Confidence Level = 0.9 

 ***  gamma(h) - Directional Variograms: 
         h        factor#1        factor#2        factor#3        -------> 
       0.1     1.61057e-08     1.45599e-06     6.03031e-07      3.9661e-07     5.97106e-08     1.41223e-07      3.0002e-07     5.21017e-08     3.86729e-08     6.50013e-08     5.79023e-08     1.09183e-07     1.88262e-07     6.30023e-07     6.08346e-08     1.01944e-06 
       0.2     6.70495e-08     3.64189e-06     2.35009e-06     1.52772e-06     2.25803e-07     4.98956e-07     1.11152e-06     2.06224e-07     1.50257e-07     2.62297e-07     2.27999e-07     4.16372e-07     6.66614e-07     1.89611e-06     2.33317e-07     3.78034e-06 
       0.3     1.55276e-07     6.32942e-06     5.19679e-06     3.36236e-06     4.84743e-07     9.70156e-07      2.3271e-06     4.60209e-07     3.26357e-07     5.93002e-07     5.05809e-07     9.02414e-07     1.33246e-06     3.75547e-06     4.93383e-07     8.26215e-06 
       0.4     2.80494e-07     1.00443e-05     9.25592e-06     5.83157e-06     8.35946e-07     1.38393e-06     3.92873e-06      8.1298e-07     5.60209e-07     1.05755e-06     8.88193e-07     1.53532e-06     2.08312e-06     6.24532e-06     8.22342e-07     1.42177e-05 
       0.5      4.3923e-07     1.48313e-05     1.42666e-05     8.83939e-06     1.27596e-06     1.77238e-06     5.94064e-06     1.26414e-06      8.4695e-07     1.63981e-06     1.37421e-06     2.26524e-06     2.83695e-06     9.37397e-06     1.21406e-06     2.15836e-05 
       0.6     6.24882e-07     2.06618e-05     1.84806e-05     1.23703e-05     1.79167e-06      2.0943e-06     8.40903e-06     1.81386e-06     1.18311e-06     2.29463e-06     1.96569e-06     3.05869e-06     3.66108e-06     1.32353e-05     1.66311e-06     3.06206e-05 
       0.7     8.28168e-07      2.7258e-05     2.17422e-05     1.63733e-05      2.3635e-06     2.30295e-06     1.14018e-05     2.46313e-06     1.56555e-06     2.96291e-06     2.66803e-06     3.84063e-06     4.72503e-06     1.79607e-05      2.1701e-06     4.08513e-05 
       0.8     1.03826e-06     3.48296e-05     2.45177e-05     2.07036e-05     2.97348e-06     2.55968e-06     1.50217e-05     3.21431e-06     1.99189e-06     3.62332e-06     3.49021e-06     4.46186e-06     6.08939e-06     2.36995e-05     2.75488e-06       5.178e-05 
       0.9     1.24499e-06     4.29385e-05     2.71922e-05     2.56148e-05     3.64016e-06     2.82532e-06     1.93582e-05     4.07225e-06     2.46089e-06     4.31684e-06     4.44423e-06     4.84797e-06     7.81514e-06     3.18829e-05     3.44537e-06     6.46708e-05 

 ***  COV(h) - Directional Covariograms: 
         h        factor#1        factor#2        factor#3        -------> 
       0.1     3.62467e-05     3.10161e-05      7.2436e-05     3.15481e-05     3.50169e-05     3.53648e-05     2.92658e-05     3.73744e-05     3.61338e-05     3.73253e-05     3.73859e-05     3.93001e-05     3.51076e-05     4.20712e-05     3.89568e-05     2.79085e-05 
       0.2     3.61669e-05      2.7816e-05     7.05206e-05     3.00162e-05     3.47953e-05     3.49792e-05     2.80877e-05     3.71144e-05     3.59955e-05     3.70445e-05     3.70899e-05     3.89179e-05     3.45293e-05     4.02408e-05     3.87742e-05     2.40777e-05 
       0.3     3.60759e-05     2.50766e-05     6.76241e-05     2.81305e-05      3.4515e-05     3.45463e-05      2.6908e-05     3.68617e-05      3.5821e-05     3.66961e-05     3.68156e-05     3.83816e-05     3.39266e-05     3.85412e-05     3.85225e-05     1.95413e-05 
       0.4     3.59769e-05     2.22818e-05     6.38849e-05     2.60486e-05     3.42038e-05     3.41666e-05     2.57096e-05     3.66164e-05     3.56154e-05     3.63025e-05     3.65625e-05     3.77853e-05     3.33444e-05     3.69318e-05     3.82122e-05     1.47504e-05 
       0.5     3.58741e-05     1.93181e-05     5.89897e-05     2.38582e-05     3.38754e-05     3.38175e-05      2.4469e-05     3.63789e-05      3.5383e-05     3.58966e-05     3.63304e-05     3.71812e-05      3.2786e-05     3.54019e-05     3.78531e-05     9.65356e-06 
       0.6     3.57722e-05     1.62225e-05      5.4949e-05     2.15533e-05     3.35271e-05     3.35545e-05     2.31577e-05     3.61496e-05     3.51285e-05     3.55062e-05     3.61199e-05     3.65765e-05     3.22551e-05     3.39388e-05     3.74529e-05     4.02008e-06 
       0.7     3.56767e-05     1.32925e-05     5.25303e-05     1.91353e-05     3.31416e-05     3.34583e-05     2.17485e-05     3.59292e-05     3.48573e-05     3.51505e-05     3.59308e-05     3.59848e-05      3.1747e-05        3.26e-05     3.70165e-05    -1.60212e-06 
       0.8     3.55923e-05     1.00857e-05     5.02815e-05     1.66085e-05     3.26987e-05      3.3477e-05     2.02297e-05     3.57184e-05     3.45751e-05     3.48313e-05     3.57614e-05     3.54331e-05      3.1242e-05     3.16324e-05     3.65506e-05     -7.0267e-06 
       0.9     3.55227e-05     6.30671e-06       4.802e-05     1.38585e-05     3.21837e-05     3.35193e-05     1.86459e-05     3.55191e-05     3.42865e-05     3.45342e-05     3.56082e-05      3.4933e-05     3.07521e-05     3.15655e-05     3.60667e-05    -1.26513e-05 

 ***  ECOV(h) - Directional Expected Covariograms: 
         h        factor#1        factor#2        factor#3        -------> 
       0.1     2.24383e-07     7.12282e-06     6.80845e-06     4.44097e-06     6.41905e-07     8.02973e-07      2.9778e-06     6.45947e-07     4.23911e-07     8.24785e-07     7.00197e-07     1.12978e-06     1.35251e-06     4.54947e-06     6.00271e-07     1.08661e-05 
       0.2     1.50327e-07     4.14438e-06     4.60187e-06     2.88958e-06     4.13824e-07     3.83411e-07     1.87674e-06     4.25657e-07     2.71552e-07     5.50666e-07     4.59098e-07     7.14302e-07     7.71531e-07      2.8934e-06     3.74827e-07     7.06841e-06 
       0.3     5.90842e-08     1.42941e-06     1.53503e-06     1.03284e-06     1.48807e-07    -6.94381e-08     7.01495e-07     1.72695e-07     9.60947e-08     2.03093e-07     1.84058e-07     1.94605e-07     1.44965e-07     1.08641e-06     1.17907e-07     2.54879e-06 
       0.4    -4.58423e-08     -1.5766e-06    -2.28977e-06    -1.00711e-06     -1.4379e-07    -4.18388e-07    -5.72647e-07    -1.12781e-07    -9.63152e-08    -1.97146e-07    -1.24628e-07    -3.54777e-07    -4.55707e-07    -8.71429e-07    -1.55537e-07    -2.32254e-06 
       0.5    -1.60172e-07    -4.87154e-06    -6.20963e-06    -3.15665e-06    -4.56421e-07    -7.23378e-07    -1.97263e-06    -4.30451e-07    -3.00861e-07    -6.19616e-07    -4.66662e-07    -8.91298e-07    -9.99926e-07    -3.02248e-06    -4.34258e-07    -7.50869e-06 
       0.6    -2.79213e-07    -8.46404e-06    -8.78728e-06    -5.40016e-06    -7.81067e-07    -9.20111e-07    -3.52312e-06    -7.79939e-07    -5.13735e-07    -1.03476e-06    -8.42165e-07    -1.39466e-06    -1.50964e-06    -5.41741e-06    -7.13817e-07    -1.32761e-05 
       0.7    -3.98145e-07    -1.21629e-05    -1.05931e-05    -7.68625e-06       -1.11e-06    -9.07963e-07    -5.24181e-06    -1.16094e-06     -7.3098e-07    -1.41984e-06    -1.25255e-06    -1.82054e-06    -2.04893e-06    -8.08682e-06    -9.97119e-07    -1.91605e-05 
       0.8    -5.12468e-07    -1.61761e-05    -1.20404e-05    -9.95907e-06    -1.43431e-06    -8.44159e-07    -7.13463e-06    -1.57338e-06    -9.48691e-07    -1.77423e-06    -1.70084e-06    -2.11486e-06    -2.65684e-06    -1.11001e-05    -1.28846e-06    -2.48006e-05 
       0.9    -6.18809e-07    -2.05506e-05    -1.33253e-05    -1.23255e-05    -1.75934e-06      -8.331e-07    -9.17848e-06     -2.0178e-06    -1.16327e-06    -2.12303e-06    -2.19162e-06    -2.25923e-06    -3.31184e-06    -1.49834e-05    -1.59734e-06    -3.08918e-05 

 ***  IVARS(H) - Integrated Variograms: 
         H        factor#1        factor#2        factor#3        -------> 
       0.1     8.05284e-10     7.27993e-08     3.01515e-08     1.98305e-08     2.98553e-09     7.06113e-09      1.5001e-08     2.60509e-09     1.93364e-09     3.25007e-09     2.89512e-09     5.45917e-09      9.4131e-09     3.15012e-08     3.04173e-09     5.09722e-08 
       0.3     1.60793e-08     8.26259e-07     5.55151e-07     3.60551e-07     5.27884e-08     1.12526e-07     2.57509e-07      4.8843e-08     3.52109e-08       6.238e-08     5.38805e-08     9.76762e-08     1.52111e-07     4.40387e-07     5.40843e-08     8.93086e-07 
       0.5      7.3854e-08     2.88872e-06     2.45391e-06      1.5538e-06     2.24418e-07     3.88045e-07     1.06377e-06     2.16358e-07     1.49897e-07     2.79775e-07     2.36701e-07     4.09591e-07     5.68893e-07     1.72139e-06     2.21691e-07     3.80714e-06 

 ***  Factor Rankings based on IVARS: 
         H        factor#1        factor#2        factor#3        -------> 
       0.1              16               1               4               5              12               8               6              14              15              10              13               9               7               3              11               2 
       0.3              16               2               3               5              13               8               6              14              15              10              12               9               7               4              11               1 
       0.5              16               2               3               5              12               9               6              14              15              10              11               8               7               4              13               1 

 ***  VARS-TO - Sobol Total-Order Effects calculated through VARS: 
                  factor#1        factor#2        factor#3        -------> 
                0.00620165        0.221227        0.191125         0.12475        0.018093       0.0243486       0.0845274        0.018001        0.011929       0.0229455       0.0195496       0.0319499       0.0397329        0.133567       0.0170484          0.3065 

 ***  Factor Rankings based on VARS-TO: 
                  factor#1        factor#2        factor#3        -------> 
                        16               2               3               5              12               9               6              13              15              10              11               8               7               4              14               1 

 ***  VARS-ABE - Morris mean ABsolute Elementary effects across scales: 
   delta x        factor#1        factor#2        factor#3        -------> 
       0.1     8.45108e-05      0.00101613     0.000482453     0.000602835      0.00025614     0.000247252     0.000564309     0.000229598     0.000138943      0.00025074     0.000208875     0.000170877     0.000374735     0.000670467     0.000245578      0.00110285 
       0.2     0.000170058      0.00188984     0.000971622      0.00120062     0.000508445     0.000494199      0.00110768     0.000458124     0.000277745     0.000501512     0.000415785     0.000338476      0.00073992      0.00129455     0.000487661      0.00218092 
       0.3     0.000256191      0.00272011      0.00147502      0.00180081     0.000756743     0.000735511      0.00163348     0.000686775     0.000418585     0.000751892     0.000620349     0.000514051      0.00109469      0.00190313     0.000724459      0.00326548 
       0.4     0.000342368      0.00352034      0.00200005      0.00240038      0.00100132       0.0009532       0.0021531     0.000915417     0.000559709      0.00100662     0.000823272     0.000688599      0.00142404      0.00251246     0.000955978       0.0043197 
       0.5     0.000428097       0.0043385      0.00253353      0.00299936      0.00123859       0.0011614        0.002673      0.00114397     0.000700288      0.00126017      0.00102406     0.000860709      0.00172795      0.00312447      0.00117599      0.00534147 
       0.6      0.00051284      0.00514423      0.00298817      0.00360057      0.00147473      0.00135227      0.00320204      0.00137252     0.000839564      0.00150639        0.001225      0.00103068      0.00202827      0.00374595      0.00139383      0.00635945 
       0.7       0.0005963      0.00589878      0.00338249      0.00420189      0.00170649      0.00151283      0.00375698       0.0016011     0.000976698      0.00174346      0.00142512      0.00119452      0.00235138      0.00437084      0.00160253       0.0073314 
       0.8      0.00067751      0.00664031      0.00374595      0.00480241      0.00192534      0.00169132      0.00433471      0.00183011      0.00111098      0.00197169       0.0016307      0.00134505      0.00269292       0.0049895      0.00180339      0.00821498 
       0.9     0.000755835      0.00729215      0.00409897      0.00542425      0.00212958      0.00183933      0.00493679      0.00205961      0.00124203      0.00219603      0.00183878      0.00147796      0.00305494      0.00561835      0.00200278      0.00912588 

 ***  VARS-ACE - Morris mean ACtual Elementary effects across scales: 
   delta x        factor#1        factor#2        factor#3        -------> 
       0.1     4.38146e-05    -0.000774522    -0.000418618    -0.000602695    -0.000236574      0.00020092     0.000487997     0.000228393     0.000138004     0.000197006     0.000203246     0.000158226     0.000271348      0.00058873    -0.000213476    -0.000952975 
       0.2     8.63122e-05     -0.00150736    -0.000845962      -0.0012006    -0.000480685     0.000412196     0.000976702     0.000456544     0.000277745     0.000387202     0.000405515     0.000324233     0.000547253      0.00114884     -0.00042986     -0.00193513 
       0.3     0.000127831     -0.00223352     -0.00128395     -0.00180081     -0.00072944     0.000628135      0.00146742     0.000684627     0.000418585     0.000571366     0.000607407     0.000493447     0.000825606      0.00169593    -0.000650528     -0.00297481 
       0.4     0.000168995     -0.00297433     -0.00173666     -0.00240038    -0.000979311     0.000834197      0.00195843     0.000912719     0.000559709     0.000752991     0.000809303     0.000661766      0.00110358      0.00224706    -0.000874119      -0.0040082 
       0.5     0.000210612     -0.00372253     -0.00219469     -0.00299936     -0.00122731      0.00104024      0.00244878      0.00114086     0.000700288     0.000937357      0.00101144     0.000828119      0.00138019      0.00280384     -0.00109547     -0.00501261 
       0.6     0.000253493     -0.00446149     -0.00260499     -0.00360057     -0.00146897       0.0012513      0.00293764      0.00136908     0.000839564      0.00112949      0.00121395     0.000992648      0.00165537      0.00337059     -0.00131118      -0.0060123 
       0.7     0.000298273     -0.00521156     -0.00299589     -0.00420189     -0.00170203      0.00146565      0.00342397      0.00159746     0.000976698      0.00133319      0.00141728      0.00115138      0.00192641      0.00395717      -0.0015179     -0.00694121 
       0.8     0.000345249     -0.00602945     -0.00338385     -0.00480241     -0.00192274      0.00164878      0.00390681      0.00182617      0.00111098      0.00154881      0.00162206      0.00129693      0.00218901      0.00459537     -0.00171944     -0.00774053 
       0.9     0.000394332      -0.0069707     -0.00376756     -0.00542425     -0.00212916      0.00180828      0.00439198      0.00205554      0.00124203      0.00177305      0.00182921      0.00142404      0.00244213      0.00529857     -0.00192128     -0.00857677 

 ********         Bootstrapping Results        ******** 
 ***  gamma_LL(h) - Lower Limits on Directional Variograms: 
         h        factor#1        factor#2        factor#3        -------> 
       0.1     2.86067e-09     7.24836e-07     1.23998e-07     2.52901e-07     3.82558e-08     2.78522e-08     2.00478e-07     3.26762e-08     1.06217e-08     3.33612e-08      3.2291e-08     2.87572e-08     8.13728e-08     2.65467e-07     3.33736e-08     7.67238e-07 
       0.2      1.1343e-08     2.36702e-06     4.85479e-07      9.5598e-07     1.51942e-07     1.10227e-07     7.57423e-07      1.3001e-07     4.30776e-08     1.32694e-07     1.26813e-07     1.01406e-07     3.20628e-07     9.86087e-07      1.3313e-07     2.83576e-06 
       0.3      2.5295e-08     4.52761e-06     1.07404e-06     2.04546e-06      3.3231e-07      2.4447e-07     1.60689e-06     2.91227e-07     9.70635e-08     2.97127e-07     2.80978e-07     2.03814e-07     7.10174e-07     2.11556e-06     2.99214e-07     6.20817e-06 
       0.4     4.38466e-08     7.32714e-06     1.88828e-06     3.49649e-06     5.83025e-07     4.29998e-07     2.74939e-06     5.15621e-07     1.70116e-07     5.25408e-07     4.93542e-07     3.18062e-07     1.23748e-06     3.63701e-06     5.28483e-07     1.07469e-05 
       0.5     6.72992e-08     1.07938e-05      2.9247e-06     5.36161e-06      8.9203e-07     6.57164e-07     4.19625e-06     8.02233e-07     2.62993e-07     8.17475e-07     7.61713e-07     4.56957e-07     1.84393e-06     5.56155e-06     8.06052e-07     1.62779e-05 
       0.6     9.60426e-08     1.49589e-05     4.14199e-06     7.60987e-06     1.24446e-06     9.29313e-07     5.97983e-06     1.14977e-06     3.77771e-07     1.17372e-06     1.08657e-06     6.27346e-07     2.48759e-06     7.90081e-06     1.11632e-06     2.29325e-05 
       0.7     1.30126e-07     1.96419e-05     5.38711e-06     1.02804e-05     1.66148e-06     1.24934e-06     8.10813e-06     1.56098e-06     5.08495e-07     1.59517e-06     1.47573e-06     8.43468e-07     3.26851e-06     1.06979e-05     1.46986e-06     3.04805e-05 
       0.8     1.69417e-07     2.49362e-05     6.89643e-06      1.3366e-05     2.10065e-06     1.61836e-06     1.06498e-05     2.02751e-06     6.59716e-07     2.08336e-06     1.92623e-06     1.12021e-06     4.19864e-06     1.35499e-05     1.84362e-06     3.84294e-05 
       0.9     2.13348e-07     2.97221e-05     8.40604e-06     1.70415e-05      2.5478e-06     1.93788e-06     1.36713e-05     2.55594e-06     8.14569e-07     2.64131e-06     2.45065e-06     1.46794e-06     5.36246e-06     1.68294e-05      2.2899e-06     4.76734e-05 

 ***  gamma_UL(h) - Upper Limits on Directional Variograms: 
         h        factor#1        factor#2        factor#3        -------> 
       0.1     4.07988e-08     2.26342e-06     1.42548e-06     5.71647e-07     8.54498e-08     3.50691e-07     4.07192e-07     7.33343e-08     7.64109e-08     1.07716e-07     8.77187e-08     2.09095e-07     3.13324e-07     1.22906e-06     9.58094e-08     1.27515e-06 
       0.2     1.71443e-07     5.00247e-06     5.56643e-06     2.22552e-06     3.11873e-07     1.20837e-06     1.49014e-06     2.90236e-07     2.90763e-07     4.35742e-07     3.45751e-07     8.21772e-07     1.07175e-06      3.2112e-06     3.57314e-07      4.7345e-06 
       0.3       4.002e-07     8.06541e-06     1.23624e-05      4.9325e-06     6.54503e-07     2.26856e-06     3.08518e-06     6.46514e-07      6.2103e-07     9.91223e-07     7.68511e-07     1.83642e-06     2.08245e-06     5.98963e-06     7.29297e-07     1.04456e-05 
       0.4     7.27193e-07     1.28461e-05     2.21396e-05     8.58001e-06     1.11343e-06     3.02408e-06     5.15382e-06     1.13953e-06     1.04318e-06     1.77365e-06     1.34891e-06       3.217e-06     3.10851e-06     9.64929e-06     1.16297e-06     1.80861e-05 
       0.5      1.1423e-06     1.91195e-05     3.41234e-05     1.29742e-05     1.69012e-06     3.58626e-06     7.78109e-06     1.76877e-06     1.55479e-06     2.74389e-06     2.08485e-06     4.80739e-06     3.96676e-06     1.41779e-05     1.66672e-06     2.76293e-05 
       0.6     1.62448e-06     2.69069e-05     4.33285e-05     1.81088e-05      2.3655e-06     3.81273e-06      1.1021e-05     2.53537e-06     2.16075e-06     3.79601e-06     2.98155e-06     6.48725e-06     4.90414e-06     1.99633e-05     2.26703e-06     3.94047e-05 
       0.7     2.14651e-06     3.57324e-05     4.95033e-05     2.36588e-05      3.1088e-06     3.64247e-06     1.49879e-05     3.44286e-06     2.87296e-06     4.71681e-06      4.0461e-06     7.96683e-06      6.2784e-06     2.74433e-05     2.96568e-06     5.26772e-05 
       0.8     2.67527e-06      4.6054e-05     5.35825e-05     2.92504e-05     3.88982e-06     3.63913e-06     1.97622e-05     4.49573e-06     3.70517e-06     5.49803e-06      5.2899e-06     8.81678e-06     8.05642e-06     3.76329e-05     3.78291e-06     6.68753e-05 
       0.9     3.18083e-06     5.83898e-05     5.67743e-05     3.54178e-05      4.7789e-06     3.78913e-06     2.53717e-05     5.70634e-06     4.66313e-06     6.28616e-06     6.75457e-06     8.98594e-06     1.03993e-05     5.41834e-05     4.73866e-06     8.41309e-05 

 ***  IVARS_LL(H) - Lower Limits on Integrated Variograms: 
         H        factor#1        factor#2        factor#3        -------> 
       0.1     1.43033e-10     3.62418e-08     6.19989e-09      1.2645e-08     1.91279e-09     1.39261e-09     1.00239e-08     1.63381e-09     5.31087e-10     1.66806e-09     1.61455e-09     1.43786e-09     4.06864e-09     1.32733e-08     1.66868e-09     3.83619e-08 
       0.3     2.67796e-09     5.48903e-07     1.14425e-07     2.23045e-07     3.59761e-08     2.60367e-08     1.75342e-07       3.083e-08     1.02819e-08     3.14631e-08      2.9985e-08      2.3345e-08     7.60245e-08     2.32495e-07     3.15981e-08     6.72437e-07 
       0.5     1.16753e-08     2.07762e-06     5.03785e-07      9.4458e-07     1.55346e-07     1.14261e-07     7.42022e-07     1.37065e-07     4.53046e-08     1.39755e-07     1.31547e-07     8.75522e-08     3.31503e-07     9.79851e-07     1.40963e-07     2.87569e-06 

 ***  IVARS_UL(H) - Upper Limits on Integrated Variograms: 
         H        factor#1        factor#2        factor#3        -------> 
       0.1     2.03994e-09     1.13171e-07     7.12739e-08     2.85824e-08     4.27249e-09     1.75346e-08     2.03596e-08     3.66672e-09     3.82054e-09     5.38579e-09     4.38594e-09     1.04547e-08     1.56662e-08     6.14529e-08     4.79047e-09     6.37576e-08 
       0.3     4.12338e-08     1.11341e-06     1.31759e-06     5.27267e-07     7.24612e-08     2.69334e-07     3.43893e-07     6.86981e-08     6.75361e-08     1.03767e-07     8.17555e-08     1.95374e-07     2.40001e-07      7.4185e-07       8.141e-08     1.12341e-06 
       0.5     1.91084e-07     3.67941e-06     5.85562e-06     2.26799e-06      3.0073e-07     8.64143e-07     1.40097e-06     3.03537e-07     2.80817e-07     4.68206e-07     3.59477e-07     8.47754e-07     8.50605e-07     2.71361e-06     3.17177e-07     4.84263e-06 

 ***  VARS-TO_LL - Lower Limits on Sobol Total-Order Effects calculated through VARS: 
                  factor#1        factor#2        factor#3        -------> 
               0.000957382        0.160498       0.0416777       0.0760614       0.0126227      0.00933155       0.0597293       0.0114103      0.00374394       0.0116508       0.0108187      0.00640772       0.0259267       0.0794364       0.0113635        0.231093 

 ***  VARS-TO_UL - Lower Limits on Sobol Total-Order Effects calculated through VARS: 
                  factor#1        factor#2        factor#3        -------> 
                 0.0161103        0.282882        0.450896        0.182809       0.0238894       0.0484529        0.110731        0.025173       0.0218831       0.0380421       0.0296547       0.0676236       0.0550771        0.201059       0.0232333        0.392054 

 ***  Reliability Estimates of Factor Rankings based on IVARS: 
         H        factor#1        factor#2        factor#3        -------> 
       0.1           0.982           0.761           0.259           0.622           0.322           0.306           0.604           0.286            0.74           0.572           0.243           0.563           0.527           0.451           0.481           0.688 
       0.3           0.973           0.526           0.384            0.59           0.262           0.393           0.621           0.271           0.757             0.6           0.142           0.526           0.703           0.844           0.427           0.554 
       0.5           0.969           0.648           0.316           0.522           0.143           0.317           0.636           0.252           0.783           0.619            0.27           0.372           0.807           0.786            0.19           0.759 

 ***  Reliability Estimates of Factor Rankings based on VARS-TO: 
                  factor#1        factor#2        factor#3        -------> 
                     0.966           0.658           0.314           0.484            0.22           0.493           0.644           0.109           0.793           0.581            0.31           0.405           0.733           0.742           0.274           0.802 

 ***  Factor Grouping based on VARS-TO & IVARS50: 
                  factor#1        factor#2        factor#3        -------> 
 VARS-TO              1               2               2               2               3               3               2               3               3               3               3               3               3               2               3               2 
 IVARS50              2               1               3               3               4               4               3               4               4               4               4               4               3               3               4               1 

 ***  Reliability Estimates of Rankings based on Factor Grouping: 
                  factor#1        factor#2        factor#3        -------> 
 VARS-TO          0.966               1           0.988               1               1               1            0.99           0.969               1               1               1           0.982           0.996               1           0.997               1 
 IVARS50          0.982           0.933           0.788               1               1           0.689           0.999           0.982               1               1               1           0.953           0.683           0.968               1           0.863 
