 -------- Variogram Analysis of Response Surfaces (VARS) Output File -------- 
 VARS settings: 
 Target Number of Stars = 100 
 Current Number of Stars = 40 
 minimum h = 0.1 
 Bootstrap Size = 1000 
 Bootstrap Confidence Level = 0.9 

 ***  gamma(h) - Directional Variograms: 
         h        factor#1        factor#2        factor#3        -------> 
       0.1     3.98487e-09     5.41783e-07     7.89876e-07     3.94784e-07     4.68436e-08     3.87561e-08     2.86836e-07     5.82684e-08     1.67884e-08      4.4494e-08     5.80528e-08     5.58715e-08     1.69756e-07     6.90796e-07      4.4555e-08     1.12588e-06 
       0.2     1.57676e-08     2.08827e-06     3.07991e-06     1.47904e-06     1.85878e-07     1.52931e-07     1.07386e-06     2.30137e-07     6.65076e-08     1.77339e-07     2.29122e-07     1.83931e-07     5.58692e-07     1.92016e-06     1.78118e-07     4.21686e-06 
       0.3     3.50278e-08     4.57861e-06     6.84681e-06     3.18192e-06     4.14387e-07     3.40356e-07     2.32012e-06     5.12814e-07     1.47555e-07     3.97598e-07     5.10122e-07     3.48196e-07     1.06967e-06     3.70811e-06     4.00352e-07     9.29755e-06 
       0.4     6.14572e-08     8.01479e-06     1.22655e-05     5.46857e-06     7.27757e-07     5.99583e-07     4.02034e-06     9.05424e-07     2.58361e-07     7.04585e-07     8.99858e-07     5.41256e-07     1.68084e-06      6.1093e-06     7.10831e-07     1.61465e-05 
       0.5      9.4861e-08     1.24058e-05     1.89485e-05     8.33202e-06     1.12367e-06     9.29315e-07     6.18099e-06     1.40884e-06     3.98238e-07     1.09807e-06     1.39902e-06     7.70826e-07     2.44683e-06     9.18995e-06     1.10928e-06     2.47094e-05 
       0.6     1.35199e-07      1.7736e-05     2.44246e-05     1.17979e-05     1.60261e-06     1.32878e-06     8.82017e-06     2.02564e-06     5.67535e-07     1.57836e-06     2.01001e-06     1.05385e-06     3.37368e-06     1.30511e-05      1.5957e-06     3.52938e-05 
       0.7     1.82554e-07     2.39559e-05     2.86669e-05     1.59002e-05     2.16704e-06     1.79807e-06     1.19718e-05      2.7602e-06     7.67077e-07      2.1462e-06     2.73692e-06     1.41867e-06     4.47726e-06     1.79065e-05     2.17022e-06     4.73303e-05 
       0.8     2.37039e-07     3.09625e-05     3.23273e-05     2.06634e-05     2.81829e-06     2.33834e-06     1.56874e-05      3.6189e-06     9.97028e-07     2.80255e-06     3.58558e-06     1.91188e-06     5.85212e-06      2.4367e-05     2.83283e-06     6.02303e-05 
       0.9     2.98675e-07     3.87792e-05     3.57706e-05      2.6189e-05     3.54877e-06     2.95312e-06     2.00586e-05     4.61048e-06     1.25556e-06     3.54823e-06      4.5642e-06     2.60027e-06     7.68096e-06     3.45647e-05     3.58311e-06     7.61595e-05 

 ***  COV(h) - Directional Covariograms: 
         h        factor#1        factor#2        factor#3        -------> 
       0.1     4.32023e-05     2.87356e-05     9.68799e-05     3.65167e-05     4.08254e-05     4.12195e-05     3.55856e-05     4.43006e-05     4.33419e-05     4.35732e-05     4.43324e-05      4.6167e-05     4.07746e-05     4.78341e-05     4.75264e-05     3.34113e-05 
       0.2     4.31725e-05     2.64395e-05     9.44198e-05     3.50826e-05      4.0623e-05     4.10286e-05     3.43704e-05     4.39944e-05     4.32887e-05     4.33631e-05     4.40259e-05     4.60726e-05     4.02664e-05     4.60801e-05     4.73483e-05     2.91074e-05 
       0.3     4.31528e-05       2.397e-05     9.06328e-05     3.33939e-05     4.03906e-05     4.08425e-05     3.31405e-05     4.37148e-05     4.32086e-05     4.31441e-05     4.37474e-05     4.59188e-05     3.97912e-05     4.45772e-05     4.71279e-05     2.39633e-05 
       0.4     4.31439e-05     2.13013e-05     8.56541e-05     3.14757e-05     4.01346e-05     4.06613e-05     3.18898e-05     4.34596e-05     4.31021e-05     4.29155e-05     4.34956e-05     4.57044e-05     3.93411e-05     4.31822e-05     4.68639e-05     1.85013e-05 
       0.5     4.31461e-05     1.83909e-05     7.89243e-05     2.93264e-05     3.98549e-05     4.04857e-05     3.06115e-05     4.32276e-05     4.29694e-05     4.26771e-05     4.32691e-05     4.54223e-05     3.88707e-05     4.19032e-05     4.65557e-05     1.26304e-05 
       0.6     4.31592e-05     1.52815e-05      7.3378e-05     2.69318e-05     3.95505e-05     4.03174e-05     2.92959e-05     4.30179e-05      4.2811e-05     4.24294e-05     4.30672e-05     4.50605e-05     3.83872e-05     4.07445e-05     4.62048e-05     6.08386e-06 
       0.7     4.31824e-05     1.20861e-05     7.01233e-05     2.42843e-05     3.92168e-05     4.01586e-05     2.79283e-05     4.28303e-05     4.26275e-05     4.21736e-05     4.28893e-05     4.46021e-05     3.79059e-05     3.97384e-05     4.58137e-05    -4.72974e-07 
       0.8     4.32145e-05     8.90957e-06     6.70375e-05     2.13822e-05     3.88393e-05     4.00106e-05     2.64979e-05     4.26652e-05     4.24206e-05     4.19114e-05     4.27349e-05     4.40277e-05     3.74352e-05     3.90976e-05     4.53867e-05    -6.82845e-06 
       0.9     4.32543e-05     5.69101e-06     6.39286e-05     1.81921e-05     3.83874e-05     3.98727e-05     2.50147e-05     4.25242e-05     4.21926e-05     4.16443e-05     4.26029e-05     4.33251e-05     3.69956e-05     3.96432e-05     4.49284e-05    -1.35964e-05 

 ***  ECOV(h) - Directional Expected Covariograms: 
         h        factor#1        factor#2        factor#3        -------> 
       0.1     4.82152e-08     6.30496e-06     9.00843e-06     4.19128e-06     5.74027e-07     4.73771e-07     3.12176e-06     7.20988e-07     2.02594e-07     5.62675e-07     7.15468e-07     3.63572e-07     1.16505e-06     4.33841e-06     5.68986e-07     1.24656e-05 
       0.2     3.15573e-08     4.11985e-06     6.11291e-06     2.69498e-06     3.75422e-07     3.11386e-07     2.02454e-06     4.74988e-07     1.32272e-07     3.71661e-07     4.70973e-07     2.07426e-07     6.83171e-07     2.77978e-06     3.76418e-07     8.21007e-06 
       0.3     1.24257e-08     1.62786e-06     2.06825e-06      1.0164e-06      1.4778e-07     1.24418e-07      7.9928e-07     1.94303e-07      5.1856e-08     1.51826e-07     1.91971e-07     5.99921e-08     2.02602e-07     1.12616e-06     1.54287e-07     3.07662e-06 
       0.4    -9.01842e-09    -1.16359e-06    -3.04078e-06    -8.28139e-07    -1.06302e-07    -8.59864e-08    -5.65873e-07    -1.22142e-07    -3.78949e-08    -9.66116e-08      -1.223e-07    -8.70842e-08    -2.78952e-07    -7.21088e-07    -9.71245e-08    -2.51222e-06 
       0.5    -3.26318e-08    -4.26045e-06    -8.30578e-06    -2.84126e-06     -3.8585e-07    -3.18556e-07    -2.07959e-06    -4.75571e-07     -1.3667e-07     -3.7356e-07    -4.72883e-07     -2.4265e-07    -8.04513e-07    -2.80269e-06    -3.77642e-07    -8.52613e-06 
       0.6    -5.82843e-08    -7.64952e-06    -1.16548e-05    -5.03161e-06    -6.90232e-07    -5.72277e-07    -3.74838e-06    -8.67393e-07    -2.44315e-07    -6.79041e-07    -8.61014e-07    -4.14667e-07    -1.37072e-06    -5.16523e-06     -6.8716e-07    -1.52871e-05 
       0.7    -8.58483e-08    -1.12866e-05     -1.3993e-05     -7.3937e-06    -1.01936e-06    -8.46682e-07    -5.57913e-06    -1.29925e-06    -3.60478e-07    -1.01315e-06    -1.28802e-06    -6.10528e-07    -1.97149e-06    -7.89555e-06    -1.02558e-06    -2.22592e-05 
       0.8    -1.15193e-07    -1.50684e-05    -1.58851e-05     -9.9057e-06    -1.37438e-06    -1.14181e-06    -7.57402e-06    -1.77306e-06    -4.84306e-07      -1.376e-06    -1.75529e-06    -8.36431e-07    -2.60797e-06    -1.12305e-05    -1.39276e-06    -2.90218e-05 
       0.9    -1.46184e-07    -1.89467e-05    -1.75284e-05    -1.25559e-05    -1.75838e-06    -1.45827e-06      -9.722e-06    -2.29111e-06    -6.14328e-07    -1.76763e-06    -2.26455e-06    -1.09351e-06    -3.27104e-06    -1.59549e-05    -1.78857e-06    -3.66501e-05 

 ***  IVARS(H) - Integrated Variograms: 
         H        factor#1        factor#2        factor#3        -------> 
       0.1     1.99243e-10     2.70892e-08     3.94938e-08     1.97392e-08     2.34218e-09     1.93781e-09     1.43418e-08     2.91342e-09     8.39422e-10      2.2247e-09     2.90264e-09     2.79358e-09     8.48779e-09     3.45398e-08     2.22775e-09     5.62938e-08 
       0.3     3.72663e-09     4.91936e-07     7.29319e-07     3.46478e-07     4.39915e-08     3.61865e-08     2.52076e-07     5.44812e-08     1.57074e-08     4.20632e-08     5.42235e-08     4.13901e-08     1.26328e-07     4.46501e-07     4.22849e-08     9.99151e-07 
       0.5     1.63668e-08     2.14263e-06     3.24563e-06     1.46903e-06      1.9367e-07     1.59628e-07     1.07917e-06     2.41106e-07     6.88332e-08     1.87305e-07     2.39666e-07     1.51467e-07     4.70237e-07     1.70233e-06      1.8885e-07     4.31415e-06 

 ***  Factor Rankings based on IVARS: 
         H        factor#1        factor#2        factor#3        -------> 
       0.1              16               4               2               5              11              14               6               8              15              13               9              10               7               3              12               1 
       0.3              16               3               2               5              10              14               6               8              15              12               9              13               7               4              11               1 
       0.5              16               3               2               5              10              13               6               8              15              12               9              14               7               4              11               1 

 ***  VARS-TO - Sobol Total-Order Effects calculated through VARS: 
                  factor#1        factor#2        factor#3        -------> 
                0.00113869        0.149354        0.213739         0.10004       0.0135436       0.0111802       0.0743548       0.0169986      0.00478559       0.0132447       0.0168735       0.0091497       0.0291173        0.109707       0.0133837        0.296482 

 ***  Factor Rankings based on VARS-TO: 
                  factor#1        factor#2        factor#3        -------> 
                        16               3               2               5              10              13               6               8              15              12               9              14               7               4              11               1 

 ***  VARS-ABE - Morris mean ABsolute Elementary effects across scales: 
   delta x        factor#1        factor#2        factor#3        -------> 
       0.1     6.88047e-05     0.000828016     0.000518172     0.000626121     0.000233861     0.000216319     0.000561799     0.000234877     0.000118239     0.000229463     0.000201854     0.000141474     0.000342083     0.000644143     0.000222944      0.00115844 
       0.2     0.000137223      0.00163809      0.00104903      0.00124016     0.000466605     0.000430099      0.00110577     0.000468173     0.000236141     0.000458574     0.000402147     0.000273364     0.000670203      0.00122827      0.00044581      0.00228894 
       0.3     0.000205426      0.00243799      0.00160097       0.0018485     0.000697042     0.000641942      0.00163808     0.000700469     0.000353734     0.000686846     0.000601522     0.000399613     0.000986779      0.00179882     0.000668506      0.00343428 
       0.4     0.000273468      0.00322514      0.00218839      0.00245474     0.000923624     0.000851274      0.00216765     0.000932395     0.000471188     0.000914493     0.000800495     0.000524314      0.00129448      0.00236006     0.000890869      0.00455002 
       0.5     0.000341387      0.00401147      0.00277727      0.00306403      0.00114757      0.00105987      0.00269447      0.00116456     0.000588777      0.00114129     0.000999679     0.000651244      0.00159777      0.00292738      0.00111255      0.00564455 
       0.6     0.000409133      0.00479754      0.00327087      0.00368211      0.00136806      0.00126486      0.00322306      0.00139768     0.000706782      0.00136704       0.0011999     0.000784388      0.00190131      0.00350598      0.00133407      0.00674725 
       0.7     0.000477108      0.00557766      0.00370362      0.00431317      0.00159296      0.00146768      0.00376322      0.00163237     0.000825379      0.00159333      0.00140179     0.000927993      0.00220756      0.00409618      0.00155505      0.00780144 
       0.8     0.000544808      0.00633688      0.00410859      0.00496054      0.00181509      0.00166988      0.00431229      0.00186961     0.000944566      0.00182015      0.00160587      0.00108615      0.00253933      0.00471539      0.00177537      0.00875095 
       0.9     0.000612098      0.00707534      0.00449928       0.0056332      0.00202971      0.00186819       0.0048862      0.00210964      0.00106415      0.00204861      0.00181242      0.00126268      0.00290937      0.00539215      0.00199402      0.00983623 

 ***  VARS-ACE - Morris mean ACtual Elementary effects across scales: 
   delta x        factor#1        factor#2        factor#3        -------> 
       0.1     6.80109e-05    -0.000786149     -0.00049992    -0.000625911    -0.000225454     0.000202403     0.000516538     0.000233725     0.000118239     0.000215761     0.000200678     0.000134509      0.00025699     0.000595968    -0.000207975     -0.00104909 
       0.2     0.000136202     -0.00158422     -0.00102715     -0.00124014    -0.000452798     0.000401518      0.00103531     0.000465925     0.000236141     0.000430076     0.000400008     0.000259955      0.00052418      0.00116524    -0.000415276     -0.00212166 
       0.3     0.000204475     -0.00238007     -0.00158613      -0.0018485    -0.000679828     0.000598673       0.0015538     0.000697248     0.000353734     0.000643427     0.000598561     0.000380127     0.000798013       0.0017295    -0.000622305     -0.00324738 
       0.4     0.000272756     -0.00316896     -0.00217654     -0.00245474    -0.000906277     0.000795403      0.00207203     0.000928348     0.000471188     0.000856484     0.000796856     0.000499147      0.00107416      0.00229218    -0.000829329     -0.00435808 
       0.5     0.000340992     -0.00395837     -0.00276801     -0.00306403     -0.00113268     0.000993103      0.00259022      0.00115989     0.000588777         0.00107     0.000995539     0.000620784      0.00134629      0.00285824     -0.00103651     -0.00544232 
       0.6     0.000409133     -0.00475344     -0.00326481     -0.00368211     -0.00135942       0.0011931      0.00310804      0.00139252     0.000706782      0.00128473      0.00119528      0.00074872      0.00161124      0.00343827     -0.00124399     -0.00653712 
       0.7     0.000477108      -0.0055535     -0.00370098     -0.00431317     -0.00158627       0.0013969      0.00362553      0.00162691     0.000825379      0.00150133      0.00139664     0.000886963      0.00186203      0.00403549     -0.00145205     -0.00757721 
       0.8     0.000544808     -0.00633688     -0.00410859     -0.00496054     -0.00181119      0.00160607      0.00414125       0.0018637     0.000944566       0.0017203      0.00160003      0.00103982      0.00209672      0.00466095      -0.0016611     -0.00848663 
       0.9     0.000612098     -0.00707534     -0.00449928      -0.0056332     -0.00202909      0.00182163      0.00464884      0.00210352      0.00106415      0.00194185       0.0018061      0.00121058      0.00231291      0.00536371     -0.00187178     -0.00944182 

 ********         Bootstrapping Results        ******** 
 ***  gamma_LL(h) - Lower Limits on Directional Variograms: 
         h        factor#1        factor#2        factor#3        -------> 
       0.1     2.55414e-09     3.85962e-07      1.0836e-07     2.50361e-07     2.97266e-08     2.52573e-08     1.88486e-07     3.05515e-08     6.99348e-09     2.74677e-08     2.52137e-08     1.21756e-08     6.09078e-08     1.98391e-07     2.57386e-08     7.86877e-07 
       0.2     1.01141e-08     1.47371e-06     4.29232e-07     9.44489e-07     1.17226e-07     9.92064e-08     7.05827e-07     1.21128e-07     2.75352e-08     1.09058e-07     9.97159e-08     4.52569e-08     2.41907e-07     7.35053e-07     1.03092e-07     2.96378e-06 
       0.3     2.26711e-08     3.21032e-06     9.58768e-07     2.02836e-06     2.58943e-07     2.19916e-07     1.49049e-06     2.70466e-07     6.12166e-08     2.44697e-07     2.23033e-07     9.79712e-08     5.39679e-07     1.58927e-06     2.31943e-07     6.54692e-06 
       0.4     3.98431e-08     5.58589e-06     1.69442e-06     3.45864e-06     4.53209e-07     3.84326e-07      2.5604e-06     4.78211e-07     1.08166e-07     4.31923e-07      3.9466e-07     1.69755e-07     9.40606e-07     2.73832e-06      4.1247e-07     1.13221e-05 
       0.5      6.1275e-08     8.61777e-06     2.63144e-06     5.23369e-06      6.9598e-07     5.95724e-07     3.91651e-06     7.44725e-07      1.6834e-07     6.70485e-07     6.13986e-07     2.61859e-07      1.4518e-06     4.23442e-06     6.44355e-07      1.7307e-05 
       0.6     8.70973e-08     1.22966e-05     3.75953e-06     7.35123e-06     9.91899e-07     8.48666e-07     5.57198e-06      1.0711e-06     2.41912e-07      9.6126e-07     8.82266e-07      3.7341e-07     2.06244e-06     6.05148e-06     9.25919e-07     2.46412e-05 
       0.7     1.17743e-07     1.64834e-05     5.08671e-06     9.92501e-06     1.34078e-06     1.14448e-06      7.5504e-06     1.45915e-06      3.2917e-07     1.30622e-06     1.19972e-06     5.05432e-07     2.68045e-06     8.18534e-06     1.25747e-06     3.29085e-05 
       0.8     1.53643e-07     2.11529e-05     6.61537e-06     1.29632e-05     1.73257e-06     1.47118e-06     9.89268e-06     1.91152e-06     4.30623e-07     1.70449e-06     1.56995e-06     6.59497e-07     3.48915e-06     1.06323e-05     1.64218e-06     4.16247e-05 
       0.9     1.94048e-07     2.62974e-05     8.31944e-06     1.66786e-05     2.16756e-06     1.85123e-06     1.25566e-05     2.43171e-06     5.47111e-07      2.1575e-06     1.99606e-06     8.39792e-07     4.64481e-06     1.32932e-05     2.07683e-06     5.23157e-05 

 ***  gamma_UL(h) - Upper Limits on Directional Variograms: 
         h        factor#1        factor#2        factor#3        -------> 
       0.1     5.54889e-09     7.17097e-07     1.97956e-06     5.50536e-07     6.62751e-08     5.50444e-08     4.00153e-07     9.27299e-08     2.92589e-08     6.47142e-08      9.7314e-08     1.08469e-07     3.33144e-07     1.52531e-06     6.69567e-08     1.50495e-06 
       0.2     2.19716e-08     2.77691e-06     7.73414e-06     2.06224e-06     2.63978e-07     2.18218e-07     1.48152e-06     3.66347e-07     1.15938e-07     2.58075e-07     3.83146e-07     3.38627e-07      9.8552e-07     3.68852e-06     2.67681e-07     5.61522e-06 
       0.3     4.84156e-08       6.141e-06      1.7223e-05      4.4715e-06     5.89582e-07     4.86478e-07      3.2032e-06     8.15277e-07     2.55926e-07     5.79163e-07     8.52361e-07     6.17364e-07     1.70677e-06     6.65254e-06     6.01546e-07     1.24261e-05 
       0.4     8.50836e-08     1.08203e-05     3.09796e-05     7.77617e-06     1.03559e-06      8.5982e-07     5.58533e-06     1.43824e-06     4.44734e-07     1.02747e-06     1.50419e-06     9.39164e-07     2.49698e-06     1.06343e-05     1.06771e-06      2.1717e-05 
       0.5     1.31194e-07     1.68074e-05     4.78338e-05     1.18901e-05     1.60109e-06     1.33538e-06     8.62287e-06     2.23702e-06     6.80228e-07     1.60301e-06     2.33966e-06     1.31659e-06     3.50754e-06     1.56882e-05     1.66566e-06     3.34533e-05 
       0.6     1.87341e-07     2.40835e-05     6.03433e-05     1.68187e-05      2.2997e-06     1.91543e-06     1.23359e-05      3.2166e-06     9.63541e-07     2.30639e-06     3.36319e-06     1.78336e-06      4.8325e-06     2.21657e-05     2.39541e-06     4.79567e-05 
       0.7     2.53461e-07     3.26381e-05     6.83749e-05     2.27141e-05     3.12139e-06     2.60356e-06     1.67848e-05      4.3853e-06     1.29869e-06     3.13876e-06     4.58216e-06     2.39697e-06     6.41439e-06     3.06824e-05     3.26012e-06     6.43492e-05 
       0.8     3.30232e-07     4.24067e-05      7.3792e-05     2.94525e-05     4.08061e-06     3.38732e-06     2.20296e-05     5.75513e-06     1.68145e-06     4.10164e-06     6.00734e-06     3.25639e-06     8.38397e-06     4.29943e-05     4.25379e-06     8.23162e-05 
       0.9     4.13009e-07     5.32629e-05     7.74992e-05     3.70554e-05     5.16966e-06     4.27726e-06     2.82284e-05     7.34247e-06     2.11643e-06     5.19725e-06     7.65403e-06     4.48502e-06     1.09972e-05      6.5246e-05      5.3862e-06     0.000104438 

 ***  IVARS_LL(H) - Lower Limits on Integrated Variograms: 
         H        factor#1        factor#2        factor#3        -------> 
       0.1     1.27707e-10     1.92981e-08     5.41799e-09     1.25181e-08     1.48633e-09     1.26286e-09      9.4243e-09     1.52758e-09     3.49674e-10     1.37338e-09     1.26069e-09     6.08782e-10     3.04539e-09     9.91956e-09     1.28693e-09     3.93439e-08 
       0.3     2.40224e-09     3.46397e-07     1.01698e-07     2.21232e-07     2.76818e-08     2.34725e-08     1.64654e-07     2.86944e-08      6.5386e-09     2.58736e-08     2.36336e-08     1.06361e-08      5.7328e-08     1.72483e-07     2.44691e-08     7.05323e-07 
       0.5      1.0588e-08     1.50298e-06     4.50763e-07     9.32898e-07     1.20829e-07     1.02812e-07     6.93408e-07     1.27275e-07     2.87953e-08     1.14916e-07      1.0499e-07     4.56345e-08     2.53283e-07      7.3545e-07     1.09531e-07     3.03396e-06 

 ***  IVARS_UL(H) - Upper Limits on Integrated Variograms: 
         H        factor#1        factor#2        factor#3        -------> 
       0.1     2.77444e-10     3.58548e-08     9.89779e-08     2.75268e-08     3.31375e-09     2.75222e-09     2.00077e-08     4.63649e-09     1.46295e-09     3.23571e-09      4.8657e-09     5.42346e-09     1.66572e-08     7.62656e-08     3.34783e-09     7.52477e-08 
       0.3     5.17278e-09     6.54515e-07     1.83267e-06     4.81875e-07     6.24667e-08     5.16655e-08      3.4706e-07     8.66903e-08      2.7316e-08     6.12371e-08     9.06201e-08     7.51686e-08     2.15766e-07     8.51658e-07     6.35411e-08      1.3343e-06 
       0.5     2.26972e-08     2.87913e-06     8.18347e-06     2.07444e-06     2.75897e-07      2.2883e-07     1.49314e-06     3.83129e-07     1.18597e-07     2.73092e-07     4.00608e-07     2.64065e-07     7.19622e-07     3.01544e-06     2.83673e-07     5.78675e-06 

 ***  VARS-TO_LL - Lower Limits on Sobol Total-Order Effects calculated through VARS: 
                  factor#1        factor#2        factor#3        -------> 
               0.000734943        0.103909       0.0317215       0.0625836       0.0083774      0.00715571       0.0470895      0.00898643      0.00202998      0.00807391      0.00740107      0.00314274       0.0174204       0.0509821      0.00777134        0.207226 

 ***  VARS-TO_UL - Lower Limits on Sobol Total-Order Effects calculated through VARS: 
                  factor#1        factor#2        factor#3        -------> 
                0.00157674        0.202253        0.532511         0.14262        0.019327       0.0161021         0.10386       0.0269951       0.0081526        0.019344       0.0282266       0.0156038       0.0417148        0.185759       0.0200941        0.401719 

 ***  Reliability Estimates of Factor Rankings based on IVARS: 
         H        factor#1        factor#2        factor#3        -------> 
       0.1               1           0.598           0.381           0.527           0.364           0.453            0.56            0.29           0.984           0.264            0.36           0.094           0.686           0.485           0.236            0.76 
       0.3               1           0.315           0.375           0.572           0.278           0.394           0.591           0.372           0.986           0.385           0.323           0.098           0.844           0.471           0.222           0.746 
       0.5               1           0.438           0.362           0.538           0.303           0.459           0.604           0.425           0.983           0.405           0.344           0.534           0.943           0.551           0.223           0.733 

 ***  Reliability Estimates of Factor Rankings based on VARS-TO: 
                  factor#1        factor#2        factor#3        -------> 
                         1           0.522           0.382           0.498           0.321           0.548           0.611           0.459           0.978           0.415           0.357           0.671           0.975           0.601           0.196           0.753 

 ***  Factor Grouping based on VARS-TO & IVARS50: 
                  factor#1        factor#2        factor#3        -------> 
 VARS-TO              1               2               2               2               3               3               2               3               3               3               3               3               3               2               3               2 
 IVARS50              3               2               2               2               1               1               2               1               3               1               1               1               2               2               1               2 

 ***  Reliability Estimates of Rankings based on Factor Grouping: 
                  factor#1        factor#2        factor#3        -------> 
 VARS-TO              1               1           0.988               1               1               1               1               1               1               1               1               1           0.988               1               1               1 
 IVARS50              1               1           0.995               1               1           0.995               1           0.989           0.984               1           0.995           0.918           0.912               1           0.994               1 
