 -------- Variogram Analysis of Response Surfaces (VARS) Output File -------- 
 VARS settings: 
 Target Number of Stars = 100 
 Current Number of Stars = 80 
 minimum h = 0.1 
 Bootstrap Size = 1000 
 Bootstrap Confidence Level = 0.9 

 ***  gamma(h) - Directional Variograms: 
         h        factor#1        factor#2        factor#3        -------> 
       0.1     1.33659e-08     1.44562e-06     5.35591e-07     4.15975e-07     5.51379e-08     1.18054e-07     2.90351e-07     5.45712e-08     3.26722e-08     5.87665e-08     5.38693e-08     8.45259e-08     1.59467e-07      5.2828e-07     5.44203e-08     1.06795e-06 
       0.2     5.55154e-08      3.5133e-06     2.06781e-06     1.52446e-06     2.10842e-07     4.21826e-07     1.09471e-06     2.15696e-07     1.27069e-07     2.36759e-07     2.12293e-07     3.22503e-07      5.7322e-07     1.64073e-06     2.10038e-07     4.01642e-06 
       0.3     1.28342e-07     6.19639e-06     4.53925e-06     3.24958e-06      4.5675e-07     8.31395e-07     2.33314e-06     4.80682e-07     2.76556e-07     5.34658e-07     4.71217e-07     6.98946e-07     1.16441e-06     3.29818e-06      4.4868e-07     8.90261e-06 
       0.4     2.31608e-07     9.90314e-06     8.03261e-06     5.54119e-06     7.92214e-07     1.21752e-06     3.98964e-06     8.48186e-07     4.75875e-07     9.52632e-07     8.27802e-07     1.18951e-06     1.85554e-06     5.52179e-06     7.56289e-07     1.55207e-05 
       0.5     3.62616e-07     1.46603e-05     1.23615e-05     8.34497e-06     1.21472e-06     1.60302e-06     6.07671e-06     1.31796e-06     7.21359e-07     1.47856e-06     1.28126e-06     1.75687e-06     2.58423e-06      8.3125e-06     1.12827e-06     2.37903e-05 
       0.6     5.16246e-07     2.04247e-05     1.62331e-05     1.16744e-05     1.71472e-06     1.95142e-06     8.62307e-06     1.89079e-06     1.01056e-06     2.07866e-06     1.83337e-06     2.37628e-06     3.39895e-06     1.17407e-05      1.5606e-06       3.376e-05 
       0.7      6.8528e-07     2.69818e-05     1.95641e-05     1.55332e-05     2.27769e-06     2.21922e-06     1.16681e-05     2.56864e-06     1.34143e-06     2.70866e-06      2.4889e-06     2.99197e-06     4.42402e-06     1.59194e-05     2.05385e-06     4.49297e-05 
       0.8     8.61212e-07     3.45217e-05     2.27594e-05     1.98969e-05      2.8896e-06     2.52503e-06     1.52803e-05       3.355e-06     1.71262e-06     3.35235e-06     3.25538e-06     3.49255e-06     5.70112e-06     2.09739e-05     2.62313e-06     5.68336e-05 
       0.9      1.0359e-06     4.30039e-05       2.618e-05     2.51304e-05     3.56203e-06     2.84679e-06      1.9527e-05     4.25563e-06     2.12371e-06      4.0397e-06     4.14239e-06     3.82201e-06     7.27261e-06     2.79789e-05      3.2897e-06     7.11742e-05 

 ***  COV(h) - Directional Covariograms: 
         h        factor#1        factor#2        factor#3        -------> 
       0.1     3.39646e-05     3.04932e-05     6.48565e-05     2.87028e-05     3.40211e-05     3.33207e-05     3.10458e-05     3.61742e-05     3.42263e-05     3.47712e-05     3.54005e-05     3.65879e-05     3.17638e-05     3.71486e-05     3.64222e-05     3.05337e-05 
       0.2     3.38991e-05     2.75469e-05     6.30428e-05     2.72417e-05     3.38145e-05     3.29655e-05     2.98893e-05     3.59014e-05      3.4104e-05     3.45167e-05     3.51196e-05     3.62888e-05     3.12487e-05     3.55264e-05     3.62518e-05     2.64265e-05 
       0.3     3.38244e-05     2.48664e-05       6.056e-05     2.55004e-05     3.35524e-05     3.25851e-05     2.86763e-05     3.56379e-05     3.39556e-05     3.42058e-05     3.48629e-05     3.58741e-05     3.07061e-05     3.39877e-05     3.60195e-05     2.14634e-05 
       0.4     3.37428e-05     2.20221e-05     5.74861e-05     2.35805e-05     3.32561e-05     3.22546e-05     2.73993e-05     3.53838e-05     3.37852e-05     3.38553e-05     3.46309e-05     3.54151e-05     3.01689e-05     3.25103e-05     3.57333e-05     1.61308e-05 
       0.5     3.36574e-05      1.8948e-05     5.35731e-05     2.15326e-05     3.29356e-05     3.19563e-05      2.6048e-05     3.51392e-05      3.3596e-05     3.34895e-05     3.44237e-05     3.49508e-05     2.96403e-05     3.10928e-05     3.54003e-05     1.03354e-05 
       0.6     3.35721e-05     1.57082e-05     5.03252e-05     1.93371e-05     3.25885e-05     3.17385e-05     2.46051e-05      3.4904e-05     3.33912e-05     3.31298e-05      3.4241e-05      3.4486e-05     2.91258e-05     2.97244e-05     3.50264e-05     4.07704e-06 
       0.7     3.34915e-05      1.2566e-05     4.83195e-05     1.69757e-05     3.22019e-05     3.16733e-05     2.30588e-05     3.46783e-05     3.31746e-05     3.27907e-05     3.40815e-05     3.40298e-05     2.86266e-05     2.84312e-05     3.46154e-05    -2.03133e-06 
       0.8     3.34201e-05      9.2788e-06     4.64708e-05     1.44267e-05     3.17606e-05     3.17221e-05     2.14071e-05     3.44622e-05     3.29497e-05     3.24744e-05     3.39421e-05     3.36008e-05     2.81342e-05      2.7384e-05     3.41723e-05    -7.97677e-06 
       0.9     3.33619e-05     5.62909e-06     4.46366e-05     1.15772e-05     3.12545e-05      3.1797e-05     1.96947e-05     3.42565e-05     3.27192e-05     3.21715e-05     3.38182e-05     3.32033e-05     2.76634e-05     2.69816e-05     3.37058e-05    -1.43317e-05 

 ***  ECOV(h) - Directional Expected Covariograms: 
         h        factor#1        factor#2        factor#3        -------> 
       0.1     1.85308e-07     6.92856e-06     5.94164e-06     4.15227e-06     6.13837e-07     7.38383e-07     3.05974e-06     6.73254e-07     3.61789e-07     7.46155e-07     6.53116e-07     8.76681e-07     1.24768e-06     4.06108e-06     5.61835e-07     1.19741e-05 
       0.2      1.2405e-07     4.12589e-06     3.98401e-06     2.66115e-06     3.97785e-07     3.75823e-07     1.95428e-06     4.43223e-07     2.32365e-07     4.97298e-07     4.28338e-07     5.54536e-07     7.32943e-07     2.59142e-06     3.54942e-07     7.89967e-06 
       0.3     4.88737e-08     1.43955e-06     1.36263e-06     9.45633e-07     1.47344e-07    -2.14007e-08      7.4402e-07     1.79658e-07     8.35445e-08     1.86784e-07      1.7187e-07      1.5311e-07     1.70444e-07     9.77468e-07     1.18729e-07     2.94631e-06 
       0.4    -3.74887e-08    -1.54897e-06     -1.8584e-06    -9.23611e-07    -1.30381e-07    -3.47487e-07    -5.84336e-07    -1.17449e-07    -8.00655e-08    -1.69711e-07    -1.15998e-07    -2.71661e-07    -3.84894e-07    -7.78785e-07    -1.35617e-07    -2.50609e-06 
       0.5    -1.31722e-07     -4.8222e-06    -5.19217e-06    -2.90738e-06    -4.29915e-07    -6.44273e-07    -2.04454e-06    -4.48059e-07    -2.54878e-07    -5.49375e-07    -4.35102e-07    -6.88012e-07     -9.0885e-07    -2.70633e-06    -3.99672e-07    -8.37413e-06 
       0.6    -2.30191e-07    -8.36081e-06    -7.57124e-06    -5.00678e-06    -7.45455e-07      -8.596e-07    -3.65061e-06    -8.12142e-07    -4.38074e-07    -9.30083e-07    -7.85668e-07    -1.08091e-06    -1.41647e-06    -4.83975e-06    -6.70115e-07    -1.47415e-05 
       0.7    -3.29137e-07    -1.20054e-05    -9.43753e-06    -7.19666e-06    -1.07122e-06    -9.13394e-07    -5.40757e-06    -1.20976e-06     -6.2673e-07    -1.29474e-06    -1.16889e-06    -1.41724e-06    -1.95408e-06     -7.2087e-06    -9.49151e-07    -2.11901e-05 
       0.8    -4.25004e-07    -1.58881e-05    -1.11203e-05     -9.4514e-06    -1.40007e-06    -9.21906e-07    -7.31547e-06    -1.64116e-06    -8.17953e-07    -1.64266e-06    -1.58708e-06    -1.65641e-06    -2.54889e-06    -9.87162e-06    -1.24006e-06    -2.74172e-05 
       0.9    -5.15031e-07    -1.99909e-05    -1.27823e-05    -1.18686e-05    -1.73475e-06    -9.67276e-07     -9.3561e-06    -2.10704e-06    -1.00906e-06    -1.99216e-06    -2.04363e-06    -1.78429e-06    -3.18318e-06    -1.32215e-05    -1.55003e-06     -3.4391e-05 

 ***  IVARS(H) - Integrated Variograms: 
         H        factor#1        factor#2        factor#3        -------> 
       0.1     6.68293e-10     7.22808e-08     2.67796e-08     2.07988e-08      2.7569e-09     5.90271e-09     1.45175e-08     2.72856e-09     1.63361e-09     2.93832e-09     2.69346e-09     4.22629e-09     7.97333e-09      2.6414e-08     2.72102e-09     5.33977e-08 
       0.3     1.33052e-08     8.05711e-07     4.87303e-07     3.56523e-07     4.94355e-08     9.55578e-08     2.55163e-07     5.10608e-08     2.98019e-08     5.62854e-08      5.0177e-08     7.56502e-08     1.31489e-07      3.8181e-07     4.88798e-08     9.53568e-07 
       0.5     6.10139e-08     2.83886e-06      2.1356e-06     1.49037e-06      2.1223e-07      3.3903e-07     1.07462e-06     2.25812e-07     1.27285e-07     2.52209e-07     2.20581e-07     3.17392e-07     5.04474e-07     1.51452e-06     2.03356e-07     4.14028e-06 

 ***  Factor Rankings based on IVARS: 
         H        factor#1        factor#2        factor#3        -------> 
       0.1              16               1               3               5              11               8               6              12              15              10              14               9               7               4              13               2 
       0.3              16               2               3               5              13               8               6              11              15              10              12               9               7               4              14               1 
       0.5              16               2               3               5              13               8               6              11              15              10              12               9               7               4              14               1 

 ***  VARS-TO - Sobol Total-Order Effects calculated through VARS: 
                  factor#1        factor#2        factor#3        -------> 
                0.00541301         0.22816        0.176477        0.124465       0.0182267       0.0233342       0.0912755       0.0198301       0.0107474       0.0219306       0.0192623       0.0261888       0.0383388         0.12504       0.0167903        0.355339 

 ***  Factor Rankings based on VARS-TO: 
                  factor#1        factor#2        factor#3        -------> 
                        16               2               3               5              13               9               6              11              15              10              12               8               7               4              14               1 

 ***  VARS-ABE - Morris mean ABsolute Elementary effects across scales: 
   delta x        factor#1        factor#2        factor#3        -------> 
       0.1     8.17776e-05     0.000984519     0.000486799     0.000607213     0.000250767     0.000243229     0.000557453     0.000236233     0.000134154     0.000246126      0.00020122     0.000150322     0.000359553     0.000638005     0.000238504      0.00114095 
       0.2     0.000164431      0.00184024     0.000975503      0.00120014     0.000498798     0.000485327      0.00109835     0.000471263     0.000267891     0.000492176      0.00040067     0.000297586     0.000712852      0.00123934      0.00047414      0.00226342 
       0.3     0.000247554      0.00266038      0.00147317      0.00178941     0.000743663     0.000720992      0.00162652     0.000706162     0.000402984     0.000737673     0.000598102     0.000450285      0.00105885      0.00182591     0.000705529      0.00340618 
       0.4     0.000330674      0.00345831      0.00198718      0.00237732     0.000985758       0.0009376      0.00214945     0.000940964     0.000538248     0.000986307     0.000794041     0.000601904      0.00138573      0.00241202     0.000932801      0.00452702 
       0.5     0.000413419      0.00426927      0.00250829       0.0029676      0.00122237      0.00114695      0.00267223      0.00117581      0.00067319      0.00123388     0.000988357      0.00075178      0.00169351      0.00300098      0.00115123      0.00561634 
       0.6     0.000495311      0.00506797      0.00297184      0.00356597       0.0014582      0.00134353       0.0032011      0.00141093     0.000807371      0.00147634      0.00118272     0.000900464      0.00199776      0.00359599      0.00136778      0.00669522 
       0.7     0.000576202      0.00582745      0.00339299       0.0041753      0.00169078      0.00151496       0.0037487      0.00164646     0.000940295      0.00171202      0.00137679      0.00104543      0.00231771      0.00419347      0.00157768      0.00772299 
       0.8     0.000655209      0.00659462      0.00379563       0.0048005      0.00191338      0.00169804      0.00431238      0.00188282      0.00107156      0.00194103       0.0015751       0.0011812      0.00264953      0.00478927      0.00178187      0.00866102 
       0.9     0.000731748      0.00733633      0.00419629      0.00546397      0.00212397      0.00185675      0.00489284      0.00212019      0.00120104      0.00216686      0.00177569      0.00130456      0.00299411      0.00539536      0.00198588      0.00965371 

 ***  VARS-ACE - Morris mean ACtual Elementary effects across scales: 
   delta x        factor#1        factor#2        factor#3        -------> 
       0.1     5.09475e-05    -0.000737342    -0.000438638    -0.000607108    -0.000235962     0.000203718     0.000498248     0.000235011     0.000133449     0.000203593     0.000196373     0.000137645     0.000276491      0.00057184    -0.000213055     -0.00102688 
       0.2     0.000101039     -0.00146589    -0.000881012     -0.00120013    -0.000477858     0.000416533     0.000997864     0.000469397     0.000267891     0.000402027     0.000391854      0.00028069      0.00055649       0.0011214    -0.000428356     -0.00207629 
       0.3     0.000150455     -0.00219416     -0.00132987     -0.00178941    -0.000723186     0.000633801      0.00149955     0.000703467     0.000402984     0.000595837     0.000586933     0.000425749     0.000838463      0.00166078    -0.000646934     -0.00318444 
       0.4      0.00019961     -0.00293538     -0.00178964     -0.00237732     -0.00096925     0.000843935       0.0020017     0.000937471     0.000538248     0.000787685     0.000781972     0.000569988      0.00112015      0.00220354    -0.000867736     -0.00428991 
       0.5     0.000249073     -0.00367805     -0.00225416      -0.0029676     -0.00121391      0.00105358      0.00250284      0.00117164      0.00067319     0.000981628     0.000977248     0.000712926      0.00140075      0.00275094     -0.00108683     -0.00536842 
       0.6     0.000299415     -0.00440307     -0.00268446     -0.00356597     -0.00145388       0.0012659      0.00300256      0.00140621     0.000807371      0.00118153      0.00117296     0.000854982      0.00168022      0.00330531      -0.0013016     -0.00643486 
       0.7     0.000351061     -0.00511972     -0.00310304      -0.0041753     -0.00168743      0.00147887      0.00349894      0.00164142     0.000940295      0.00139029      0.00136951     0.000993413      0.00195641      0.00387516     -0.00150951     -0.00743035 
       0.8     0.000404157     -0.00586357     -0.00352405      -0.0048005     -0.00191143      0.00166613      0.00399146      0.00187759      0.00107156      0.00160811      0.00156742      0.00112276      0.00222596      0.00448561     -0.00171342     -0.00830518 
       0.9     0.000458528     -0.00663608     -0.00394774     -0.00546397     -0.00212366      0.00183346      0.00448423       0.0021151      0.00120104      0.00183233      0.00176735      0.00123881      0.00248842      0.00514656      -0.0019175     -0.00924188 

 ********         Bootstrapping Results        ******** 
 ***  gamma_LL(h) - Lower Limits on Directional Variograms: 
         h        factor#1        factor#2        factor#3        -------> 
       0.1     3.13813e-09     8.17725e-07      1.5506e-07     2.80305e-07     3.84627e-08     3.12797e-08     2.13773e-07     3.77703e-08     1.20618e-08     3.54032e-08     3.38151e-08     2.54764e-08      7.8807e-08     2.55603e-07     3.43816e-08     8.53094e-07 
       0.2     1.24965e-08     2.52647e-06     5.97449e-07     1.03131e-06     1.53307e-07     1.23518e-07     8.14519e-07     1.49787e-07     4.82989e-08     1.41163e-07        1.34e-07      8.8765e-08      3.1293e-07     9.70454e-07      1.3728e-07      3.1948e-06 
       0.3     2.78919e-08     4.76809e-06      1.3124e-06      2.1765e-06     3.41453e-07     2.75128e-07      1.7534e-06     3.34576e-07     1.08941e-07     3.16271e-07     2.97902e-07     1.82076e-07     6.98118e-07     2.12512e-06     3.05145e-07     7.08725e-06 
       0.4     4.90147e-08     7.70368e-06     2.29284e-06     3.69905e-06     5.98258e-07      4.8373e-07     3.01626e-06     5.91926e-07     1.92087e-07     5.60074e-07     5.23021e-07     2.94646e-07     1.19735e-06     3.66237e-06     5.38343e-07     1.22474e-05 
       0.5     7.58974e-08     1.13502e-05     3.53364e-06     5.57725e-06     9.26268e-07     7.47186e-07     4.58591e-06     9.21072e-07      2.9629e-07     8.72842e-07     8.06887e-07     4.35231e-07     1.84028e-06     5.56225e-06     8.32605e-07     1.85879e-05 
       0.6     1.08496e-07      1.5749e-05     4.94781e-06      7.8694e-06     1.31711e-06     1.05818e-06     6.50069e-06      1.3222e-06     4.22501e-07     1.25479e-06     1.15092e-06     6.02356e-07     2.54412e-06     7.91241e-06     1.16682e-06     2.63567e-05 
       0.7     1.46395e-07     2.07083e-05     6.58446e-06     1.06213e-05     1.75349e-06     1.41086e-06     8.79492e-06     1.79435e-06     5.66194e-07     1.70696e-06     1.55644e-06     8.09521e-07     3.37478e-06     1.06156e-05     1.53129e-06     3.50321e-05 
       0.8     1.90303e-07     2.61575e-05      8.3392e-06     1.39127e-05     2.21079e-06     1.79582e-06     1.15524e-05     2.34302e-06      7.3394e-07     2.23033e-06     2.03476e-06     1.05631e-06     4.34558e-06     1.36883e-05      1.9258e-06     4.41601e-05 
       0.9     2.40235e-07     3.20232e-05     1.04704e-05     1.79787e-05     2.69189e-06     2.15033e-06     1.48174e-05     2.96367e-06     8.83553e-07      2.8261e-06     2.58221e-06     1.36293e-06     5.46025e-06     1.68094e-05     2.40065e-06     5.50867e-05 

 ***  gamma_UL(h) - Upper Limits on Directional Variograms: 
         h        factor#1        factor#2        factor#3        -------> 
       0.1     3.19672e-08     2.20011e-06     1.10755e-06     5.74561e-07     7.50231e-08     2.76581e-07     3.76185e-07     7.18993e-08     6.11788e-08     9.23156e-08     7.63572e-08     1.63076e-07     2.59635e-07     9.20967e-07      8.1373e-08     1.29824e-06 
       0.2     1.34033e-07     4.67345e-06     4.31624e-06      2.0846e-06       2.756e-07     9.60377e-07     1.40259e-06     2.83787e-07     2.32422e-07     3.75327e-07     3.01215e-07     6.33723e-07     8.84604e-07     2.48517e-06     3.04805e-07     4.89786e-06 
       0.3     3.12252e-07     7.67351e-06     9.59533e-06     4.45875e-06     5.81132e-07     1.81931e-06     2.97492e-06     6.32749e-07     4.99159e-07     8.52811e-07     6.67497e-07     1.41329e-06     1.71319e-06     4.78561e-06     6.22963e-07     1.08574e-05 
       0.4      5.6681e-07     1.21516e-05     1.71994e-05     7.63328e-06      1.0038e-06     2.47311e-06     5.09124e-06     1.11375e-06     8.45897e-07     1.52585e-06     1.17338e-06     2.44954e-06     2.61259e-06     7.83725e-06     1.00546e-06     1.88067e-05 
       0.5     8.90131e-07     1.79826e-05     2.65058e-05     1.14618e-05     1.53273e-06     2.99557e-06     7.72154e-06     1.72732e-06     1.27709e-06     2.35848e-06     1.81672e-06     3.66263e-06     3.43694e-06     1.16773e-05     1.46993e-06     2.88996e-05 
       0.6     1.26712e-06     2.51727e-05     3.37561e-05     1.58972e-05     2.15574e-06     3.29693e-06     1.09863e-05     2.47682e-06     1.77986e-06     3.24891e-06      2.5994e-06     4.93515e-06     4.34234e-06      1.6471e-05     2.00434e-06     4.10366e-05 
       0.7     1.67586e-06     3.33808e-05     3.88079e-05     2.09557e-05     2.84097e-06      3.3054e-06     1.48588e-05     3.36336e-06     2.35613e-06     4.07313e-06     3.52839e-06     6.12565e-06     5.55957e-06     2.24996e-05     2.63144e-06     5.47636e-05 
       0.8     2.09097e-06     4.28535e-05     4.26635e-05     2.63982e-05      3.5767e-06     3.42607e-06      1.9443e-05     4.39491e-06     3.00887e-06     4.81382e-06     4.61968e-06     6.85672e-06     7.14081e-06     3.03034e-05     3.35536e-06     6.95722e-05 
       0.9     2.48995e-06     5.37182e-05     4.69434e-05     3.29803e-05      4.4098e-06     3.63801e-06     2.48759e-05     5.58558e-06     3.82331e-06     5.51526e-06     5.89173e-06     7.07397e-06     9.15987e-06     4.25482e-05      4.2191e-06     8.71099e-05 

 ***  IVARS_LL(H) - Lower Limits on Integrated Variograms: 
         H        factor#1        factor#2        factor#3        -------> 
       0.1     1.56906e-10     4.08863e-08       7.753e-09     1.40153e-08     1.92314e-09     1.56398e-09     1.06887e-08     1.88852e-09      6.0309e-10     1.77016e-09     1.69075e-09     1.27382e-09     3.94035e-09     1.27801e-08     1.71908e-09     4.26547e-08 
       0.3     2.96192e-09     5.88636e-07     1.40359e-07     2.40724e-07     3.62917e-08     2.91925e-08     1.91188e-07     3.54924e-08      1.1509e-08     3.34765e-08     3.17495e-08     2.06291e-08     7.41062e-08     2.28577e-07     3.23113e-08     7.59721e-07 
       0.5     1.30561e-08     2.19757e-06     6.12306e-07     1.00278e-06     1.59469e-07     1.28823e-07     8.12956e-07     1.57498e-07     5.11747e-08      1.4895e-07     1.39285e-07     8.18657e-08     3.23472e-07     9.84806e-07     1.43068e-07     3.27131e-06 

 ***  IVARS_UL(H) - Upper Limits on Integrated Variograms: 
         H        factor#1        factor#2        factor#3        -------> 
       0.1     1.59836e-09     1.10005e-07     5.53776e-08      2.8728e-08     3.75115e-09     1.38291e-08     1.88092e-08     3.59497e-09     3.05894e-09     4.61578e-09     3.81786e-09     8.15382e-09     1.29818e-08     4.60484e-08     4.06865e-09     6.49121e-08 
       0.3     3.22089e-08     1.05813e-06     1.02215e-06     4.88098e-07     6.41685e-08     2.14555e-07     3.27215e-07     6.71124e-08     5.40819e-08     8.94192e-08     7.10931e-08     1.50639e-07     1.98876e-07     5.75529e-07     6.96167e-08     1.15949e-06 
       0.5     1.49009e-07     3.50627e-06     4.55177e-06     2.04009e-06     2.70096e-07     7.02983e-07     1.36942e-06     2.96878e-07     2.27087e-07     4.02568e-07     3.12746e-07     6.46028e-07     7.12517e-07     2.18588e-06     2.73056e-07     5.02069e-06 

 ***  VARS-TO_LL - Lower Limits on Sobol Total-Order Effects calculated through VARS: 
                  factor#1        factor#2        factor#3        -------> 
                0.00114263        0.178114       0.0527975        0.083054       0.0139299       0.0111809       0.0689589       0.0138603      0.00444761       0.0131527       0.0121065       0.0065193       0.0275439       0.0843097       0.0124911        0.278146 

 ***  VARS-TO_UL - Lower Limits on Sobol Total-Order Effects calculated through VARS: 
                  factor#1        factor#2        factor#3        -------> 
                 0.0132727        0.279766        0.371026        0.170099       0.0228859       0.0429002        0.116025       0.0259898       0.0189801       0.0344945       0.0273045       0.0544452       0.0506545         0.17467       0.0217708        0.431847 

 ***  Reliability Estimates of Factor Rankings based on IVARS: 
         H        factor#1        factor#2        factor#3        -------> 
       0.1           0.999           0.817           0.399           0.608           0.219            0.32           0.691           0.058           0.864           0.536           0.236           0.587           0.633           0.684           0.202           0.793 
       0.3           0.999           0.694           0.498           0.537           0.214           0.432           0.693            0.13           0.884           0.569           0.146           0.562           0.796           0.794           0.115           0.782 
       0.5           0.994           0.729            0.38           0.457           0.245           0.415           0.695           0.176           0.898           0.595           0.152             0.4            0.89           0.716           0.237           0.946 

 ***  Reliability Estimates of Factor Rankings based on VARS-TO: 
                  factor#1        factor#2        factor#3        -------> 
                     0.994           0.716           0.366           0.439           0.286           0.473           0.692             0.2           0.904           0.564           0.183            0.38           0.842           0.693           0.428           0.956 

 ***  Factor Grouping based on VARS-TO & IVARS50: 
                  factor#1        factor#2        factor#3        -------> 
 VARS-TO              3               2               2               2               1               1               2               1               3               1               1               1               1               2               1               2 
 IVARS50              3               2               5               5               4               1               5               4               4               4               4               1               1               5               4               2 

 ***  Reliability Estimates of Rankings based on Factor Grouping: 
                  factor#1        factor#2        factor#3        -------> 
 VARS-TO          0.999               1               1               1               1           0.997               1           0.976           0.904               1           0.987           0.992               1               1           0.951               1 
 IVARS50          0.999           0.976           0.869               1           0.901           0.617           0.988           0.689               1           0.986           0.806           0.741           0.938           0.995           0.997            0.96 
