 -------- Variogram Analysis of Response Surfaces (VARS) Output File -------- 
 VARS settings: 
 Target Number of Stars = 100 
 Current Number of Stars = 70 
 minimum h = 0.1 
 Bootstrap Size = 1000 
 Bootstrap Confidence Level = 0.9 

 ***  gamma(h) - Directional Variograms: 
         h        factor#1        factor#2        factor#3        -------> 
       0.1     1.48716e-08      1.3452e-06     5.92146e-07     3.95548e-07     5.82071e-08     1.30164e-07     3.04201e-07     5.63866e-08     3.59935e-08     6.26259e-08     5.87868e-08     9.58385e-08     1.72807e-07     5.74337e-07     5.82456e-08      1.0676e-06 
       0.2     6.18357e-08     3.50765e-06     2.28318e-06     1.50737e-06     2.21727e-07      4.6318e-07      1.1427e-06     2.22698e-07     1.40041e-07     2.52503e-07     2.31575e-07     3.65548e-07     6.17327e-07     1.75917e-06     2.24299e-07     3.98362e-06 
       0.3     1.43061e-07     6.29607e-06     5.00726e-06     3.28045e-06     4.78715e-07     9.07948e-07     2.42643e-06      4.9597e-07     3.04723e-07     5.70514e-07     5.13826e-07     7.92006e-07     1.24591e-06     3.51221e-06     4.77464e-07     8.77976e-06 
       0.4      2.5828e-07     1.01652e-05      8.8589e-06     5.65145e-06      8.2844e-07     1.31685e-06     4.13808e-06      8.7471e-07     5.24061e-07     1.01695e-06     9.02352e-07      1.3474e-06     1.97044e-06     5.85919e-06     8.01725e-07     1.52576e-05 
       0.5     4.04407e-07     1.51367e-05     1.36254e-05      8.5468e-06     1.26806e-06      1.7159e-06     6.29186e-06     1.35862e-06     7.93811e-07       1.578e-06     1.39627e-06      1.9891e-06     2.72013e-06     8.80151e-06     1.19185e-06     2.33495e-05 
       0.6     5.75593e-07     2.11514e-05     1.78302e-05     1.19675e-05     1.78673e-06     2.06329e-06      8.9196e-06     1.94853e-06     1.11105e-06     2.21507e-06     1.99754e-06     2.68889e-06     3.55086e-06     1.24193e-05     1.64327e-06     3.30952e-05 
       0.7     7.63579e-07     2.79389e-05     2.13789e-05     1.58925e-05     2.36792e-06      2.3092e-06     1.20643e-05     2.64653e-06     1.47319e-06      2.8775e-06     2.71154e-06     3.38309e-06     4.60504e-06     1.68408e-05     2.15664e-06      4.4002e-05 
       0.8     9.58641e-07     3.56391e-05     2.47356e-05     2.02351e-05     2.99571e-06     2.58902e-06     1.58008e-05      3.4564e-06     1.87835e-06     3.54666e-06     3.54674e-06     3.94447e-06     5.93071e-06     2.22065e-05     2.74919e-06     5.56873e-05 
       0.9     1.15146e-06     4.38525e-05     2.83136e-05     2.52521e-05     3.68347e-06     2.87745e-06     2.02005e-05     4.38445e-06     2.32545e-06     4.25671e-06     4.51399e-06     4.30908e-06     7.57737e-06     2.97417e-05      3.4452e-06     6.98137e-05 

 ***  COV(h) - Directional Covariograms: 
         h        factor#1        factor#2        factor#3        -------> 
       0.1     3.59006e-05     3.20045e-05     7.09249e-05     2.98793e-05      3.5745e-05     3.48623e-05     3.18228e-05     3.73399e-05     3.56416e-05      3.5942e-05     3.75789e-05     3.89837e-05     3.37636e-05     4.03883e-05     3.89664e-05     3.10904e-05 
       0.2     3.58274e-05      2.8871e-05      6.8941e-05     2.83927e-05      3.5527e-05     3.44777e-05     3.06255e-05     3.70569e-05     3.55073e-05     3.56695e-05     3.72738e-05     3.86452e-05     3.32137e-05     3.86608e-05     3.87857e-05     2.70579e-05 
       0.3     3.57441e-05     2.60633e-05     6.62039e-05     2.65879e-05     3.52517e-05     3.40654e-05     2.93697e-05     3.67853e-05      3.5344e-05     3.53364e-05     3.69942e-05     3.81757e-05     3.26389e-05     3.70423e-05     3.85398e-05     2.21987e-05 
       0.4     3.56531e-05     2.31014e-05     6.28024e-05     2.45926e-05     3.49431e-05     3.37127e-05     2.80468e-05     3.65251e-05      3.5156e-05      3.4962e-05     3.67405e-05      3.7656e-05     3.20782e-05     3.55064e-05     3.82376e-05      1.6974e-05 
       0.5     3.55581e-05     1.99059e-05     5.84541e-05     2.24731e-05     3.46126e-05     3.33988e-05     2.66448e-05     3.62765e-05     3.49474e-05     3.45742e-05     3.65127e-05     3.71304e-05     3.15358e-05     3.40507e-05     3.78873e-05     1.12663e-05 
       0.6     3.54637e-05     1.65552e-05     5.48764e-05     2.02161e-05     3.42576e-05      3.3179e-05     2.51447e-05     3.60395e-05     3.47218e-05      3.4197e-05     3.63106e-05     3.66048e-05     3.10162e-05     3.26628e-05     3.74958e-05     5.09706e-06 
       0.7     3.53749e-05     1.33647e-05     5.27266e-05     1.78143e-05     3.38634e-05     3.31352e-05     2.35336e-05     3.58142e-05     3.44839e-05     3.38471e-05     3.61329e-05     3.60907e-05     3.05169e-05     3.13726e-05      3.7067e-05    -8.98997e-07 
       0.8     3.52969e-05     1.00593e-05     5.07649e-05     1.52643e-05     3.34128e-05      3.3221e-05     2.18095e-05     3.56005e-05      3.4238e-05     3.35265e-05     3.59765e-05     3.56104e-05     3.00252e-05     3.03744e-05     3.66068e-05    -6.77438e-06 
       0.9     3.52342e-05     6.42668e-06     4.88276e-05     1.24736e-05     3.28941e-05     3.33372e-05     2.00228e-05     3.53995e-05     3.39877e-05     3.32236e-05     3.58362e-05     3.51706e-05     2.95544e-05     3.01159e-05     3.61248e-05    -1.30774e-05 

 ***  ECOV(h) - Directional Expected Covariograms: 
         h        factor#1        factor#2        factor#3        -------> 
       0.1     2.06648e-07     7.33683e-06     6.53301e-06     4.28574e-06     6.39865e-07     7.84335e-07     3.16414e-06     6.93764e-07     3.97909e-07     7.95518e-07     7.11587e-07     9.92349e-07     1.30667e-06     4.28556e-06     5.92101e-07     1.17297e-05 
       0.2     1.38376e-07     4.37122e-06     4.38247e-06     2.76959e-06     4.13776e-07      3.9028e-07     2.01529e-06     4.56527e-07     2.55396e-07     5.30553e-07     4.66556e-07     6.27429e-07     7.59021e-07     2.72853e-06     3.72612e-07     7.71511e-06 
       0.3     5.44627e-08     1.54724e-06     1.48733e-06     9.89955e-07     1.51628e-07    -4.04229e-08     7.62457e-07     1.84808e-07     9.13681e-08     1.98075e-07     1.87061e-07     1.72432e-07     1.63312e-07     1.02413e-06     1.22199e-07     2.86314e-06 
       0.4    -4.19715e-08    -1.59973e-06    -2.07951e-06    -9.56857e-07    -1.38491e-07    -3.86901e-07    -6.09268e-07    -1.21379e-07    -8.88453e-08     -1.8404e-07    -1.26572e-07    -3.08743e-07    -4.18163e-07    -8.25805e-07    -1.46376e-07    -2.47278e-06 
       0.5    -1.47137e-07    -5.04733e-06    -5.76203e-06     -3.0169e-06     -4.5036e-07    -6.96913e-07    -2.11535e-06    -4.61959e-07    -2.81078e-07    -5.89764e-07    -4.74145e-07    -7.79829e-07    -9.58213e-07    -2.85461e-06    -4.23513e-07    -8.21346e-06 
       0.6    -2.56878e-07    -8.77623e-06    -8.34089e-06    -5.18468e-06    -7.77392e-07    -9.10744e-07    -3.77155e-06    -8.36867e-07    -4.82037e-07    -9.93839e-07    -8.55903e-07    -1.22368e-06    -1.47448e-06     -5.1021e-06    -7.05443e-07    -1.44322e-05 
       0.7    -3.66901e-07    -1.26087e-05    -1.03217e-05    -7.42384e-06    -1.11304e-06    -9.36798e-07    -5.58332e-06    -1.24613e-06    -6.88293e-07    -1.37676e-06    -1.27319e-06    -1.60253e-06    -2.02017e-06    -7.60257e-06    -9.94718e-07    -2.07152e-05 
       0.8    -4.73136e-07    -1.67078e-05    -1.20814e-05    -9.69348e-06     -1.4492e-06    -9.07918e-07    -7.55019e-06    -1.68998e-06    -8.96434e-07    -1.73772e-06    -1.72865e-06    -1.87001e-06    -2.62652e-06    -1.04229e-05    -1.29512e-06    -2.68018e-05 
       0.9    -5.72431e-07    -2.10971e-05    -1.38063e-05    -1.20847e-05    -1.78908e-06    -9.18052e-07     -9.6504e-06    -2.16917e-06    -1.10324e-06    -2.09766e-06    -2.22613e-06    -2.01002e-06    -3.27347e-06    -1.40119e-05    -1.61491e-06    -3.36283e-05 

 ***  IVARS(H) - Integrated Variograms: 
         H        factor#1        factor#2        factor#3        -------> 
       0.1     7.43579e-10     6.72601e-08     2.96073e-08     1.97774e-08     2.91036e-09     6.50818e-09     1.52101e-08     2.81933e-09     1.79967e-09      3.1313e-09     2.93934e-09     4.79192e-09     8.64037e-09     2.87169e-08     2.91228e-09     5.33799e-08 
       0.3     1.48238e-08     8.00089e-07     5.37896e-07     3.54314e-07     5.19291e-08     1.04732e-07     2.66012e-07      5.2707e-08     3.28396e-08     6.00386e-08     5.47275e-08     8.57389e-08     1.41309e-07     4.08961e-07     5.21277e-08      9.4411e-07 
       0.5     6.80252e-08     2.88825e-06     2.35542e-06     1.51082e-06     2.22112e-07      3.6761e-07     1.11573e-06     2.32908e-07     1.40172e-07     2.69159e-07     2.40467e-07     3.59534e-07     5.36655e-07     1.61057e-06     2.15766e-07     4.07633e-06 

 ***  Factor Rankings based on IVARS: 
         H        factor#1        factor#2        factor#3        -------> 
       0.1              16               1               3               5              13               8               6              14              15              10              11               9               7               4              12               2 
       0.3              16               2               3               5              14               8               6              12              15              10              11               9               7               4              13               1 
       0.5              16               2               3               5              13               8               6              12              15              10              11               9               7               4              14               1 

 ***  VARS-TO - Sobol Total-Order Effects calculated through VARS: 
                  factor#1        factor#2        factor#3        -------> 
                 0.0057239        0.224337        0.184109        0.120961       0.0180377         0.02363       0.0896194       0.0193833       0.0112117       0.0221738       0.0199059        0.028118       0.0382286        0.125576       0.0168045        0.330672 

 ***  Factor Rankings based on VARS-TO: 
                  factor#1        factor#2        factor#3        -------> 
                        16               2               3               5              13               9               6              12              15              10              11               8               7               4              14               1 

 ***  VARS-ABE - Morris mean ABsolute Elementary effects across scales: 
   delta x        factor#1        factor#2        factor#3        -------> 
       0.1     8.47796e-05      0.00100148     0.000496626     0.000608827     0.000256111     0.000248998      0.00057031     0.000238946     0.000138296     0.000251324     0.000211087     0.000161296      0.00036707       0.0006518     0.000244545      0.00112995 
       0.2     0.000170608      0.00188227     0.000995281      0.00120845      0.00050908     0.000497164      0.00112273     0.000476644     0.000276435     0.000502699     0.000420261     0.000319209     0.000726742      0.00126257     0.000485996      0.00223825 
       0.3      0.00025701      0.00272823      0.00150413      0.00180656     0.000758462     0.000738395      0.00166139     0.000714251     0.000416285     0.000753669     0.000627248     0.000483369      0.00107796      0.00185772     0.000722874      0.00336202 
       0.4     0.000343457      0.00355015       0.0020313       0.0024033      0.00100452     0.000958395      0.00219497     0.000951796     0.000556364      0.00100831     0.000832755     0.000646313      0.00140748      0.00245388     0.000955225      0.00446439 
       0.5     0.000429481      0.00438646      0.00256675      0.00300118      0.00124436      0.00117025      0.00272816      0.00118937      0.00069599      0.00126196       0.0010365     0.000807282      0.00171496      0.00305355      0.00117774      0.00553607 
       0.6     0.000514576      0.00520841      0.00303675      0.00360495      0.00148343      0.00136768      0.00326879      0.00142717     0.000834545      0.00150943      0.00124059     0.000966883      0.00201883      0.00366133      0.00139844      0.00659364 
       0.7     0.000598422      0.00598174      0.00345887      0.00421531      0.00171896      0.00153614      0.00382989      0.00166541     0.000971331      0.00174917      0.00144429      0.00112216      0.00234133       0.0042735      0.00161138       0.0075978 
       0.8       0.0006801      0.00673909      0.00386067      0.00483372      0.00194337      0.00171659      0.00440864      0.00190453      0.00110574      0.00198135      0.00165308      0.00126686      0.00267832      0.00488283      0.00181777      0.00851694 
       0.9     0.000758934      0.00741393      0.00426125      0.00547836      0.00215442      0.00186817      0.00500546      0.00214471      0.00123742      0.00220995      0.00186437      0.00139718      0.00303134      0.00550239      0.00202312      0.00948403 

 ***  VARS-ACE - Morris mean ACtual Elementary effects across scales: 
   delta x        factor#1        factor#2        factor#3        -------> 
       0.1     4.98971e-05    -0.000793155     -0.00044191    -0.000608707     -0.00023934     0.000204618     0.000504275     0.000237913     0.000137491     0.000205266     0.000206198     0.000149407     0.000278452     0.000580922     -0.00021703     -0.00100149 
       0.2     9.88261e-05     -0.00155387    -0.000887572     -0.00120843    -0.000485285     0.000420032      0.00101047     0.000475289     0.000276435      0.00040472     0.000411344     0.000305052     0.000561598      0.00113625    -0.000436452     -0.00202757 
       0.3     0.000146987     -0.00231115     -0.00134036     -0.00180656    -0.000735059     0.000641013      0.00151905      0.00071241     0.000416285     0.000598932     0.000616003     0.000463003      0.00084732      0.00167954    -0.000659504     -0.00311287 
       0.4     0.000194852     -0.00308214     -0.00180554      -0.0024033    -0.000985656     0.000854083      0.00202811     0.000949484     0.000556364     0.000790912     0.000820605     0.000620006       0.0011328      0.00222639     -0.00088506     -0.00419739 
       0.5     0.000243066     -0.00385849     -0.00227631     -0.00300118     -0.00123469       0.0010664      0.00253597      0.00118669      0.00069599     0.000985263      0.00102549     0.000775514      0.00141688      0.00277872     -0.00110872     -0.00525419 
       0.6     0.000292278     -0.00462321     -0.00270831     -0.00360495     -0.00147848      0.00128112      0.00304217      0.00142423     0.000834545      0.00118637      0.00123091     0.000930009       0.0016992      0.00333959     -0.00132759     -0.00629608 
       0.7      0.00034297     -0.00539269      -0.0031275     -0.00421531     -0.00171514       0.0014957      0.00354446      0.00166229     0.000971331      0.00139751      0.00143734      0.00108034      0.00197708      0.00391892     -0.00153884     -0.00726336 
       0.8     0.000395304      -0.0062155     -0.00355029     -0.00483372     -0.00194114      0.00168013      0.00404187      0.00190116      0.00110574      0.00161888      0.00164538      0.00122021      0.00224639      0.00454501     -0.00174581     -0.00811027 
       0.9     0.000449074      -0.0071384     -0.00397719     -0.00547836     -0.00215406      0.00184156      0.00453848      0.00214122      0.00123742      0.00184739      0.00185578      0.00134466      0.00250607       0.0052283     -0.00195327     -0.00901337 

 ********         Bootstrapping Results        ******** 
 ***  gamma_LL(h) - Lower Limits on Directional Variograms: 
         h        factor#1        factor#2        factor#3        -------> 
       0.1     3.32619e-09     7.11081e-07       1.583e-07     2.76003e-07     3.95977e-08     3.11072e-08     2.17256e-07     3.75405e-08      1.2917e-08     3.59429e-08     3.52998e-08     2.70553e-08     8.43181e-08     2.65149e-07     3.51344e-08     8.12846e-07 
       0.2     1.32362e-08     2.42144e-06     6.10952e-07     1.02969e-06     1.56711e-07     1.23457e-07     8.25325e-07     1.48856e-07     5.09745e-08     1.43374e-07     1.39315e-07     9.56859e-08      3.3555e-07      9.9778e-07     1.40358e-07     3.04223e-06 
       0.3     2.91447e-08     4.71491e-06     1.32732e-06     2.18406e-06     3.47926e-07     2.75043e-07     1.79058e-06     3.32694e-07     1.15061e-07     3.21298e-07     3.08756e-07      2.0227e-07     7.40612e-07     2.15425e-06     3.15115e-07     6.75624e-06 
       0.4     5.11218e-08     7.66463e-06      2.3219e-06     3.71146e-06     6.09484e-07     4.82252e-07     3.04231e-06     5.88377e-07     2.03009e-07     5.68095e-07     5.40153e-07     3.24282e-07     1.25524e-06     3.70211e-06     5.50419e-07     1.16765e-05 
       0.5     7.88424e-08     1.14072e-05     3.57173e-06     5.64946e-06     9.30181e-07     7.40012e-07     4.56905e-06     9.13313e-07     3.14503e-07     8.84597e-07     8.31369e-07     4.71985e-07     1.90558e-06     5.62239e-06     8.46183e-07     1.75659e-05 
       0.6     1.11979e-07     1.59456e-05     5.00396e-06     7.92966e-06     1.31333e-06     1.05035e-06     6.45563e-06     1.30809e-06      4.4868e-07     1.27232e-06     1.18839e-06     6.57466e-07      2.5845e-06     7.98346e-06     1.18075e-06     2.49686e-05 
       0.7     1.51465e-07      2.1049e-05     6.62522e-06     1.07492e-05     1.75021e-06     1.39417e-06     8.77822e-06       1.774e-06     6.04325e-07     1.73339e-06     1.61229e-06     8.73199e-07      3.4134e-06     1.07128e-05     1.57148e-06     3.31365e-05 
       0.8     1.95579e-07      2.6429e-05     8.55694e-06     1.40838e-05      2.2327e-06     1.76093e-06     1.14505e-05     2.31511e-06     7.84364e-07     2.26964e-06     2.10677e-06      1.1295e-06     4.40343e-06     1.37255e-05     1.97775e-06     4.14976e-05 
       0.9     2.45454e-07     3.22718e-05     1.06909e-05     1.80364e-05     2.73914e-06     2.09002e-06     1.47173e-05     2.93487e-06     9.51861e-07     2.86291e-06      2.6784e-06     1.47487e-06     5.53656e-06     1.69535e-05     2.46549e-06      5.1708e-05 

 ***  gamma_UL(h) - Upper Limits on Directional Variograms: 
         h        factor#1        factor#2        factor#3        -------> 
       0.1     3.57909e-08     2.06724e-06     1.27611e-06     5.47887e-07     7.82773e-08     3.07721e-07     3.93371e-07     7.89998e-08     6.60125e-08     9.55088e-08      8.4618e-08     1.86491e-07     2.80864e-07     1.06394e-06     8.42339e-08     1.33717e-06 
       0.2     1.50176e-07     4.62603e-06     4.94428e-06     2.09582e-06     2.93478e-07      1.0639e-06     1.47408e-06     3.11913e-07     2.55484e-07      3.8896e-07     3.33696e-07     7.35236e-07     9.50426e-07     2.86991e-06     3.16253e-07     5.01811e-06 
       0.3     3.50118e-07     7.91052e-06     1.09425e-05     4.66123e-06     6.26724e-07     2.00484e-06     3.10652e-06     6.92733e-07     5.53738e-07      8.8502e-07     7.41061e-07      1.6152e-06     1.86109e-06     5.40938e-06      6.4958e-07      1.1074e-05 
       0.4     6.35533e-07      1.2851e-05     1.95854e-05     8.04995e-06     1.07185e-06     2.69413e-06     5.26166e-06     1.22137e-06     9.45737e-07     1.58569e-06     1.30261e-06     2.78943e-06     2.82012e-06     8.79601e-06     1.08724e-06     1.92694e-05 
       0.5     9.97794e-07     1.91839e-05     3.01979e-05     1.20415e-05     1.64104e-06     3.21408e-06     7.98817e-06     1.89746e-06     1.42475e-06     2.44961e-06     2.01655e-06     4.09006e-06     3.65693e-06     1.31055e-05     1.59155e-06     2.97141e-05 
       0.6     1.41956e-06     2.69074e-05     3.85801e-05     1.67911e-05     2.31326e-06     3.44722e-06     1.13011e-05     2.72325e-06     1.97385e-06     3.37133e-06     2.88552e-06     5.49635e-06     4.60652e-06     1.84556e-05     2.18656e-06     4.21985e-05 
       0.7     1.87596e-06      3.5805e-05     4.45835e-05     2.20619e-05     3.02289e-06      3.4046e-06     1.52683e-05     3.70325e-06     2.59718e-06     4.21267e-06     3.91709e-06     6.87644e-06      5.9219e-06     2.52755e-05     2.88476e-06      5.6099e-05 
       0.8     2.33966e-06     4.60647e-05     4.93216e-05      2.7689e-05     3.82709e-06     3.54708e-06     1.99879e-05     4.83958e-06      3.3116e-06     4.98201e-06     5.12471e-06      7.8408e-06     7.62627e-06     3.43852e-05     3.68937e-06     7.11459e-05 
       0.9     2.78407e-06     5.76253e-05     5.31492e-05     3.39402e-05     4.74321e-06     3.74225e-06     2.55429e-05     6.14122e-06     4.11333e-06     5.74211e-06     6.52481e-06     8.01738e-06     9.85516e-06     4.84491e-05     4.64725e-06     8.96244e-05 

 ***  IVARS_LL(H) - Lower Limits on Integrated Variograms: 
         H        factor#1        factor#2        factor#3        -------> 
       0.1     1.66309e-10      3.5554e-08     7.91502e-09     1.38001e-08     1.97988e-09     1.55536e-09     1.08628e-08     1.87702e-09     6.45849e-10     1.79715e-09     1.76499e-09     1.35277e-09      4.2159e-09     1.32575e-08     1.75672e-09     4.06423e-08 
       0.3     3.11727e-09     5.68164e-07     1.43142e-07     2.40155e-07     3.69723e-08     2.91661e-08     1.93308e-07     3.52738e-08     1.20522e-08     3.40241e-08     3.28171e-08     2.24281e-08     7.93457e-08     2.34568e-07     3.33254e-08     7.23021e-07 
       0.5     1.35971e-08     2.17126e-06     6.18264e-07     1.00354e-06     1.63371e-07     1.28264e-07     8.19219e-07     1.56615e-07     5.40925e-08     1.51163e-07     1.44177e-07     8.94459e-08     3.39499e-07      9.9444e-07      1.4757e-07     3.13174e-06 

 ***  IVARS_UL(H) - Upper Limits on Integrated Variograms: 
         H        factor#1        factor#2        factor#3        -------> 
       0.1     1.78955e-09     1.03362e-07     6.38056e-08     2.73944e-08     3.91387e-09      1.5386e-08     1.96686e-08     3.94999e-09     3.30062e-09     4.77544e-09      4.2309e-09     9.32457e-09     1.40432e-08     5.31968e-08      4.2117e-09     6.68584e-08 
       0.3     3.60964e-08     1.04951e-06     1.16888e-06     4.96137e-07     6.80042e-08     2.37404e-07     3.42749e-07     7.36576e-08     5.92738e-08     9.26916e-08     7.88845e-08     1.72871e-07     2.13298e-07     6.64291e-07     7.18813e-08     1.18932e-06 
       0.5     1.67053e-07     3.62309e-06     5.18464e-06     2.13751e-06      2.8808e-07     7.68041e-07     1.41917e-06     3.25304e-07      2.5507e-07     4.17992e-07     3.47012e-07     7.39793e-07     7.66288e-07      2.4617e-06     2.92281e-07     5.13586e-06 

 ***  VARS-TO_LL - Lower Limits on Sobol Total-Order Effects calculated through VARS: 
                  factor#1        factor#2        factor#3        -------> 
                0.00111827        0.168701       0.0505469       0.0799472       0.0132168       0.0105529        0.065065       0.0130168      0.00445936       0.0126522       0.0118493      0.00666208       0.0269874       0.0810414       0.0120633        0.249609 

 ***  VARS-TO_UL - Lower Limits on Sobol Total-Order Effects calculated through VARS: 
                  factor#1        factor#2        factor#3        -------> 
                 0.0141068        0.283271        0.401323        0.169926       0.0233202       0.0434454        0.113635        0.027086       0.0199895       0.0338945       0.0287527        0.058003       0.0510669        0.184689       0.0224887        0.419777 

 ***  Reliability Estimates of Factor Rankings based on IVARS: 
         H        factor#1        factor#2        factor#3        -------> 
       0.1               1           0.685           0.401           0.623           0.165            0.33           0.681           0.222           0.852           0.453           0.078           0.555           0.649           0.678           0.312           0.668 
       0.3           0.999           0.623           0.434           0.564           0.159           0.386           0.684           0.088           0.864           0.492           0.148           0.517           0.786           0.816           0.242           0.725 
       0.5           0.997           0.679           0.346           0.496            0.23           0.329           0.687           0.163           0.876           0.512           0.243           0.315            0.86            0.76           0.209            0.87 

 ***  Reliability Estimates of Factor Rankings based on VARS-TO: 
                  factor#1        factor#2        factor#3        -------> 
                     0.997           0.682           0.343           0.455           0.331           0.444            0.68           0.232           0.869           0.509           0.256           0.378           0.804           0.729           0.407           0.892 

 ***  Factor Grouping based on VARS-TO & IVARS50: 
                  factor#1        factor#2        factor#3        -------> 
 VARS-TO              3               2               2               2               1               1               2               1               3               1               1               1               1               2               1               2 
 IVARS50              1               2               2               2               3               3               2               3               3               3               3               3               3               2               3               2 

 ***  Reliability Estimates of Rankings based on Factor Grouping: 
                  factor#1        factor#2        factor#3        -------> 
 VARS-TO              1               1           0.997               1               1           0.997               1           0.958           0.869               1           0.988           0.994           0.998               1           0.931               1 
 IVARS50              1               1           0.925               1               1           0.975           0.983               1               1               1               1           0.999           0.934               1               1               1 
