 -------- Variogram Analysis of Response Surfaces (VARS) Output File -------- 
 VARS settings: 
 Target Number of Stars = 100 
 Current Number of Stars = 10 
 minimum h = 0.1 
 Bootstrap Size = 1000 
 Bootstrap Confidence Level = 0.9 

 ***  gamma(h) - Directional Variograms: 
         h        factor#1        factor#2        factor#3        -------> 
       0.1     2.03401e-09     5.16915e-07     7.46446e-08     1.24668e-07     3.58069e-08     2.38866e-08     2.48121e-07     2.22467e-08     4.80603e-09     3.52817e-08     1.37037e-08     3.05599e-09     4.05678e-07     2.70201e-07     3.43379e-08     1.61963e-06 
       0.2      8.1309e-09     1.88885e-06     2.98611e-07     4.96026e-07     1.42014e-07     9.48634e-08     7.97578e-07     8.82255e-08     1.91767e-08     1.40333e-07      5.3866e-08     1.16204e-08     1.14685e-06     1.06663e-06     1.37392e-07     5.56067e-06 
       0.3     1.82859e-08     3.98846e-06     6.72234e-07     1.11281e-06     3.17598e-07     2.12726e-07     1.58551e-06     1.97125e-07     4.30735e-08      3.1417e-07     1.19239e-07     2.52807e-08     1.84361e-06     2.37499e-06     3.09205e-07     1.14731e-05 
       0.4     3.24899e-08     6.84854e-06     1.19533e-06     1.97405e-06      5.6256e-07     3.77513e-07     2.63762e-06     3.48629e-07     7.64893e-08     5.56553e-07     2.09231e-07       4.394e-08      2.4169e-06     4.18784e-06     5.49746e-07     1.91393e-05 
       0.5     5.07241e-08     1.04727e-05     1.86627e-06     3.07702e-06     8.77655e-07     5.88655e-07       3.965e-06     5.42946e-07     1.19442e-07     8.68172e-07     3.24615e-07     6.75995e-08     3.08854e-06     6.50011e-06     8.58886e-07     2.85933e-05 
       0.6     7.29613e-08     1.48435e-05     2.68188e-06     4.41652e-06     1.26438e-06     8.45496e-07     5.55906e-06     7.80789e-07     1.71971e-07     1.25059e-06     4.67038e-07     9.63278e-08     3.87848e-06     9.30947e-06      1.2364e-06     4.03552e-05 
       0.7     9.91754e-08     1.98302e-05     3.63861e-06     5.98561e-06     1.72536e-06     1.14853e-06     7.41218e-06     1.06329e-06     2.34149e-07     1.70598e-06      6.3838e-07     1.30368e-07     4.84088e-06     1.26222e-05     1.68203e-06     5.36308e-05 
       0.8     1.29356e-07     2.49663e-05     4.73583e-06     7.77768e-06     2.26465e-06      1.5004e-06     9.52951e-06     1.39191e-06     3.06085e-07     2.23658e-06     8.40184e-07     1.70416e-07     6.34517e-06     1.64671e-05     2.19552e-06     6.83971e-05 
       0.9     1.63526e-07      3.0106e-05     5.97898e-06      9.7914e-06     2.88698e-06     1.90696e-06     1.20106e-05      1.7684e-06     3.87954e-07     2.84322e-06     1.07419e-06     2.18175e-07     9.11604e-06     2.08921e-05     2.77671e-06      8.8103e-05 

 ***  COV(h) - Directional Covariograms: 
         h        factor#1        factor#2        factor#3        -------> 
       0.1     1.67644e-05     1.81274e-05     1.40829e-05     1.20596e-05      2.0871e-05     1.33928e-05     1.38264e-05     1.36811e-05     1.66609e-05     1.24769e-05     1.56791e-05     1.65909e-05     2.09081e-05     2.49059e-05     2.03254e-05      3.8739e-05 
       0.2      1.6753e-05     1.60734e-05     1.37507e-05     1.15316e-05     2.07299e-05     1.32905e-05     1.30571e-05     1.35783e-05     1.66419e-05     1.23199e-05     1.56107e-05     1.65945e-05     2.00524e-05     2.36397e-05     2.01815e-05     3.33322e-05 
       0.3     1.67427e-05     1.40049e-05     1.33772e-05     1.09137e-05     2.05555e-05     1.31754e-05     1.22647e-05     1.34695e-05     1.66181e-05      1.2147e-05     1.55462e-05     1.65804e-05     1.94941e-05     2.23375e-05       2.001e-05     2.74669e-05 
       0.4     1.67337e-05     1.18716e-05     1.29623e-05     1.02083e-05     2.03466e-05     1.30443e-05      1.1446e-05      1.3355e-05     1.65893e-05     1.19573e-05     1.54851e-05     1.65493e-05      1.9202e-05     2.10013e-05     1.98106e-05     2.17322e-05 
       0.5     1.67259e-05     9.65359e-06     1.25072e-05     9.41877e-06      2.0102e-05     1.28955e-05     1.06015e-05     1.32346e-05     1.65556e-05     1.17502e-05     1.54256e-05     1.65015e-05      1.8977e-05     1.96376e-05     1.95831e-05     1.58565e-05 
       0.6     1.67193e-05     7.39201e-06     1.20154e-05      8.5494e-06     1.98209e-05     1.27321e-05     9.73183e-06     1.31076e-05      1.6517e-05     1.15245e-05     1.53669e-05     1.64364e-05      1.8857e-05      1.8251e-05      1.9328e-05     9.46215e-06 
       0.7     1.67138e-05     5.27285e-06     1.14909e-05     7.60509e-06     1.95027e-05     1.25597e-05     8.82567e-06      1.2973e-05     1.64734e-05     1.12793e-05     1.53097e-05     1.63531e-05     1.89228e-05     1.68409e-05     1.90464e-05     3.67527e-06 
       0.8      1.6709e-05     3.81614e-06     1.09342e-05     6.59082e-06     1.91459e-05     1.23787e-05      7.8844e-06     1.28297e-05     1.64248e-05     1.10142e-05     1.52526e-05     1.62503e-05     1.91855e-05     1.53959e-05     1.87389e-05    -1.71946e-06 
       0.9     1.67047e-05     3.35756e-06     1.03377e-05     5.50798e-06     1.87481e-05     1.21844e-05      6.9839e-06     1.26773e-05     1.63713e-05     1.07311e-05     1.51924e-05     1.61266e-05     1.97152e-05     1.39001e-05     1.84052e-05    -6.83191e-06 

 ***  ECOV(h) - Directional Expected Covariograms: 
         h        factor#1        factor#2        factor#3        -------> 
       0.1     2.60093e-08     5.24797e-06     9.56188e-07     1.57399e-06     4.50241e-07     3.01101e-07      1.9201e-06     2.78101e-07     6.12846e-08     4.45602e-07     1.66393e-07     3.41257e-08     1.23098e-06     3.31347e-06     4.40782e-07     1.40314e-05 
       0.2     1.72196e-08     3.35215e-06     6.33674e-07     1.04065e-06     2.97422e-07     1.99331e-07     1.19759e-06     1.83426e-07     4.05581e-08     2.94253e-07     1.09054e-07       2.221e-08     4.71653e-07     2.18055e-06     2.91965e-07     8.91049e-06 
       0.3     7.06229e-09      1.2265e-06     2.59263e-07     4.22761e-07     1.22751e-07     8.17831e-08     4.26965e-07     7.50424e-08     1.66917e-08     1.21141e-07     4.43228e-08     8.75921e-09    -1.07907e-07     8.80323e-07     1.20086e-07     3.06716e-06 
       0.4     -4.4494e-09    -1.10663e-06    -1.65739e-07    -2.77096e-07    -7.46842e-08    -5.17331e-08    -4.19578e-07    -4.72556e-08     -1.0336e-08    -7.43199e-08    -2.78849e-08    -6.28477e-09    -5.20157e-07    -5.87356e-07    -7.47481e-08    -3.13945e-06 
       0.5    -1.72936e-08    -3.67186e-06    -6.38997e-07    -1.05544e-06    -2.95753e-07    -2.00522e-07    -1.34689e-06    -1.83794e-07     -4.0546e-08    -2.93047e-07     -1.0851e-07    -2.29096e-08    -9.38174e-07    -2.21715e-06    -2.92386e-07     -9.7056e-06 
       0.6    -3.14459e-08    -6.45437e-06    -1.15808e-06    -1.90801e-06    -5.41442e-07    -3.63833e-07    -2.34086e-06    -3.34967e-07    -7.39622e-08    -5.36125e-07    -1.98795e-07     -4.1086e-08    -1.34769e-06     -4.0028e-06    -5.32652e-07    -1.71357e-05 
       0.7    -4.68862e-08    -9.32909e-06     -1.7212e-06       -2.83e-06    -8.13173e-07    -5.41941e-07    -3.38092e-06     -5.0117e-07    -1.10615e-07    -8.04624e-07    -2.99674e-07    -6.08282e-08    -1.72297e-06    -5.94138e-06    -7.95382e-07     -2.4599e-05 
       0.8    -6.36055e-08    -1.19263e-05     -2.3286e-06    -3.81649e-06    -1.11288e-06    -7.36513e-07    -4.41964e-06     -6.8275e-07    -1.50546e-07     -1.0993e-06    -4.11339e-07    -8.22887e-08    -2.06736e-06    -8.04097e-06    -1.08045e-06    -3.18431e-05 
       0.9    -8.16117e-08    -1.39821e-05    -2.98375e-06    -4.86351e-06     -1.4424e-06    -9.50515e-07    -5.34348e-06    -8.80001e-07    -1.93813e-07    -1.41993e-06    -5.34013e-07    -1.05912e-07    -2.34228e-06    -1.03155e-05    -1.38779e-06    -4.00849e-05 

 ***  IVARS(H) - Integrated Variograms: 
         H        factor#1        factor#2        factor#3        -------> 
       0.1       1.017e-10     2.58457e-08     3.73223e-09     6.23342e-09     1.79034e-09     1.19433e-09      1.2406e-08     1.11234e-09     2.40302e-10     1.76408e-09     6.85186e-10     1.52799e-10     2.02839e-08     1.35101e-08      1.7169e-09     8.09813e-08 
       0.3     1.93078e-09     4.39999e-07     7.09373e-08      1.1771e-07      3.3662e-08     2.25113e-08     1.83845e-07     2.09035e-08     4.55195e-09       3.327e-08     1.27189e-08     2.73168e-09     2.47433e-07     2.52432e-07     3.26333e-08     1.29169e-06 
       0.5     8.63028e-09     1.84791e-06     3.17395e-07     5.24606e-07     1.49681e-07     1.00332e-07     7.25133e-07     9.27699e-08     2.03266e-08     1.48042e-07     5.58347e-08     1.17697e-08     7.35731e-07     1.11497e-06     1.46012e-07     5.20894e-06 

 ***  Factor Rankings based on IVARS: 
         H        factor#1        factor#2        factor#3        -------> 
       0.1              16               2               7               6               8              11               5              12              14               9              13              15               3               4              10               1 
       0.3              16               2               7               6               8              11               5              12              14               9              13              15               4               3              10               1 
       0.5              16               2               7               6               8              11               5              12              14               9              13              15               4               3              10               1 

 ***  VARS-TO - Sobol Total-Order Effects calculated through VARS: 
                  factor#1        factor#2        factor#3        -------> 
                0.00147128        0.302451        0.054082       0.0891188       0.0255002       0.0170503        0.113754       0.0157576       0.0034674       0.0252292      0.00944866      0.00195071        0.085866        0.188015       0.0249268        0.821121 

 ***  Factor Rankings based on VARS-TO: 
                  factor#1        factor#2        factor#3        -------> 
                        16               2               7               5               8              11               4              12              14               9              13              15               6               3              10               1 

 ***  VARS-ABE - Morris mean ABsolute Elementary effects across scales: 
   delta x        factor#1        factor#2        factor#3        -------> 
       0.1      5.2127e-05     0.000786162     0.000298474     0.000395366     0.000207618     0.000175157     0.000494712     0.000165227     7.30511e-05     0.000210646     0.000108855     5.26623e-05     0.000402341     0.000556916     0.000203823      0.00129425 
       0.2     0.000104303      0.00152932     0.000598259     0.000788391     0.000413512     0.000349292     0.000942156      0.00032913     0.000145802     0.000420157     0.000215688     0.000102638      0.00075106      0.00111155      0.00040777      0.00248414 
       0.3      0.00015653      0.00225837     0.000899468      0.00118172     0.000618536     0.000523704      0.00136756     0.000492166     0.000218397     0.000628706     0.000321204     0.000151045      0.00105822      0.00166631     0.000611757      0.00364458 
       0.4     0.000208781       0.0029669      0.00120142      0.00157499     0.000823507     0.000698659      0.00179591     0.000654935      0.00029096     0.000836875     0.000425933      0.00019896      0.00133524      0.00222254     0.000815743      0.00475791 
       0.5     0.000261009       0.0036628      0.00150278      0.00196843      0.00102893     0.000873631       0.0022206     0.000818118     0.000363603      0.00104547     0.000531155     0.000247021      0.00159907      0.00277899      0.00101971       0.0058393 
       0.6     0.000313171       0.0043445      0.00180213      0.00236248      0.00123526      0.00104799      0.00263603     0.000982402      0.00043644      0.00125531     0.000638584     0.000296266      0.00186899      0.00333381      0.00122361      0.00690302 
       0.7     0.000365238      0.00504877      0.00209876      0.00275735      0.00144325      0.00122198      0.00304541      0.00114839     0.000509593      0.00146698     0.000748781     0.000347257      0.00215307      0.00388806      0.00142743        0.007867 
       0.8     0.000417213      0.00568292      0.00239304      0.00315312      0.00165405      0.00139717      0.00345624      0.00131652     0.000583208      0.00168063     0.000861361     0.000400959       0.0025437      0.00444621      0.00163108       0.0087321 
       0.9     0.000469143      0.00622216      0.00268626      0.00355076      0.00186856      0.00157641      0.00393155      0.00148704      0.00065746      0.00189582     0.000975641     0.000460563      0.00309329      0.00501224       0.0018344      0.00991385 

 ***  VARS-ACE - Morris mean ACtual Elementary effects across scales: 
   delta x        factor#1        factor#2        factor#3        -------> 
       0.1      5.2127e-05    -0.000691351    -0.000298474    -0.000394528    -0.000207618     0.000175157     0.000371221     0.000165227     7.30511e-05     0.000210646     0.000107674     4.58973e-05     0.000132272     0.000556916    -0.000203823    -0.000926247 
       0.2     0.000104303     -0.00142073    -0.000598259    -0.000788279    -0.000413512     0.000349292     0.000777706      0.00032913     0.000145802     0.000420157     0.000213574       8.995e-05     0.000311008      0.00111155     -0.00040777     -0.00192122 
       0.3      0.00015653     -0.00216376    -0.000899468     -0.00118172    -0.000618536     0.000523704      0.00119472     0.000492166     0.000218397     0.000628706     0.000318229     0.000133246     0.000518171      0.00166631    -0.000611757     -0.00300198 
       0.4     0.000208781     -0.00289633     -0.00120142     -0.00157499    -0.000823507     0.000698659      0.00161145     0.000654935      0.00029096     0.000836875     0.000422234     0.000176471     0.000734096      0.00222254    -0.000815743     -0.00407372 
       0.5     0.000261009      -0.0036225     -0.00150278     -0.00196843     -0.00102893     0.000873631      0.00202167     0.000818118     0.000363603      0.00104547     0.000526833     0.000220125     0.000932815      0.00277899     -0.00101971     -0.00510207 
       0.6     0.000313171      -0.0043445     -0.00180213     -0.00236248     -0.00123526      0.00104799      0.00241718     0.000982402      0.00043644      0.00125531     0.000633351     0.000264707      0.00110114      0.00333381     -0.00122361     -0.00611057 
       0.7     0.000365238     -0.00504877     -0.00209876     -0.00275735     -0.00144325      0.00122198      0.00278769      0.00114839     0.000509593      0.00146698     0.000742534     0.000310906      0.00120907      0.00388806     -0.00142743     -0.00700463 
       0.8     0.000417213     -0.00568292     -0.00239304     -0.00315312     -0.00165405      0.00139717      0.00311082      0.00131652     0.000583208      0.00168063     0.000854297       0.0003598      0.00124403      0.00444621     -0.00163108     -0.00768489 
       0.9     0.000469143     -0.00622216     -0.00268626     -0.00355076     -0.00186856      0.00157641      0.00334099      0.00148704      0.00065746      0.00189582     0.000969064     0.000413076      0.00119045      0.00501224      -0.0018344     -0.00833622 

 ********         Bootstrapping Results        ******** 
 ***  gamma_LL(h) - Lower Limits on Directional Variograms: 
         h        factor#1        factor#2        factor#3        -------> 
       0.1     8.62942e-10     2.16017e-07     2.70119e-08     4.79045e-08     1.23045e-08     9.38949e-09      9.6532e-08     8.13246e-09      1.3747e-09     1.34922e-08     3.08852e-09     9.97571e-10     2.72492e-08     9.85476e-08     1.22425e-08      7.6595e-07 
       0.2     3.44587e-09      8.3897e-07     1.07145e-07     1.86323e-07     4.84278e-08     3.70601e-08     3.52992e-07     3.23306e-08     5.44995e-09     5.36607e-08     1.20338e-08     3.37549e-09     1.06545e-07     3.91079e-07     4.89774e-08     2.44261e-06 
       0.3     7.70934e-09     1.74479e-06     2.39518e-07      4.1068e-07     1.07988e-07     8.25028e-08     7.18808e-07     7.15886e-08     1.21505e-08     1.20105e-07     2.62587e-08     6.84341e-09     2.34741e-07     8.73656e-07     1.09982e-07     4.73405e-06 
       0.4     1.36994e-08     2.91739e-06     4.26081e-07     7.18544e-07     1.89973e-07     1.45523e-07     1.14392e-06     1.26855e-07     2.14238e-08      2.1268e-07     4.57382e-08     1.12244e-08     4.06318e-07     1.54445e-06     1.95286e-07     7.08493e-06 
       0.5     2.13983e-08     4.38349e-06     6.66406e-07     1.11373e-06      2.9598e-07     2.25533e-07     1.65934e-06     1.97836e-07     3.33374e-08     3.31667e-07     6.94421e-08     1.68766e-08     6.27657e-07       2.398e-06     3.04978e-07     9.53431e-06 
       0.6     3.07431e-08      6.1533e-06     9.54975e-07      1.5964e-06     4.26965e-07     3.23504e-07     2.24007e-06     2.84358e-07     4.79949e-08     4.77717e-07     1.00913e-07     2.35975e-08      9.1009e-07     3.42983e-06     4.39239e-07     1.24103e-05 
       0.7     4.16856e-08     8.01492e-06     1.29307e-06     2.16601e-06     5.87364e-07     4.40698e-07      2.8434e-06      3.8599e-07      6.5565e-08     6.51654e-07     1.39018e-07     3.15498e-08     1.26748e-06     4.63329e-06     5.98367e-07     1.54117e-05 
       0.8     5.42342e-08     9.48767e-06      1.6919e-06     2.83164e-06      7.7161e-07     5.77708e-07     3.54514e-06     5.05232e-07     8.63001e-08     8.54132e-07     1.80152e-07     4.15315e-08     1.68745e-06     6.00727e-06     7.82794e-07     1.89679e-05 
       0.9     6.90314e-08     1.06952e-05     2.15258e-06     3.61997e-06     9.90131e-07     7.37616e-07     4.25146e-06      6.4171e-07     1.10357e-07     1.08469e-06     2.35774e-07     5.39253e-08     2.17722e-06     7.55951e-06     9.88566e-07      2.3333e-05 

 ***  gamma_UL(h) - Upper Limits on Directional Variograms: 
         h        factor#1        factor#2        factor#3        -------> 
       0.1     3.62667e-09     8.36603e-07     1.32509e-07     2.23239e-07     6.45959e-08     4.26812e-08     4.19879e-07     4.19357e-08     1.01139e-08     6.16319e-08     2.96472e-08     5.74783e-09     1.06492e-06     4.69262e-07     6.08841e-08     2.60972e-06 
       0.2     1.44698e-08     3.06984e-06     5.30441e-07      8.9628e-07     2.57777e-07     1.69801e-07     1.29151e-06     1.66974e-07     4.04717e-08     2.45822e-07     1.18358e-07     2.23946e-08     2.84085e-06     1.84822e-06     2.43387e-07      9.1366e-06 
       0.3     3.24909e-08     6.66827e-06     1.19147e-06     2.02323e-06     5.79148e-07     3.80931e-07     2.63142e-06     3.74331e-07     9.10889e-08     5.51586e-07     2.64418e-07     4.95899e-08     4.19888e-06     4.10725e-06     5.47343e-07     1.89852e-05 
       0.4     5.76743e-08     1.15488e-05      2.1153e-06     3.60313e-06      1.0283e-06     6.76487e-07     4.47164e-06     6.62849e-07     1.61963e-07     9.78536e-07     4.67549e-07      8.7141e-08     4.93116e-06     7.23443e-06     9.72921e-07     3.20591e-05 
       0.5      9.0029e-08     1.77943e-05     3.30252e-06     5.62756e-06     1.60259e-06      1.0559e-06     6.78821e-06     1.03306e-06      2.5307e-07     1.52713e-06     7.28111e-07     1.35633e-07       5.857e-06     1.12312e-05     1.52003e-06     4.85111e-05 
       0.6     1.29588e-07     2.53071e-05     4.75482e-06     8.08005e-06     2.31081e-06     1.51816e-06     9.54484e-06     1.48621e-06     3.64365e-07     2.19854e-06     1.04834e-06      1.9447e-07     7.17194e-06     1.61127e-05     2.18813e-06      6.8934e-05 
       0.7     1.76409e-07     3.39819e-05     6.47391e-06     1.09372e-05     3.14857e-06     2.06134e-06     1.28521e-05     2.02419e-06     4.95784e-07     2.99447e-06     1.43043e-06     2.63557e-07     8.79741e-06     2.19121e-05     2.97846e-06     9.26552e-05 
       0.8     2.30572e-07     4.32692e-05     8.44979e-06     1.41722e-05     4.11583e-06     2.69128e-06     1.67924e-05      2.6487e-06     6.47255e-07     3.91691e-06     1.87255e-06     3.43869e-07     1.14744e-05     2.86761e-05     3.89124e-06     0.000119347 
       0.9     2.92178e-07     5.35675e-05     1.06684e-05     1.77625e-05     5.21725e-06     3.41879e-06     2.14006e-05     3.35735e-06     8.18703e-07     4.96577e-06     2.38146e-06     4.36878e-07      1.6882e-05     3.63665e-05     4.92668e-06     0.000155726 

 ***  IVARS_LL(H) - Lower Limits on Integrated Variograms: 
         H        factor#1        factor#2        factor#3        -------> 
       0.1     4.31471e-11     1.08008e-08     1.35059e-09     2.39523e-09     6.15227e-10     4.69475e-10      4.8266e-09     4.06623e-10     6.87352e-11      6.7461e-10     1.54426e-10     4.98785e-11     1.36246e-09     4.92738e-09     6.12124e-10     3.82975e-08 
       0.3     8.18779e-10     1.95282e-07     2.53862e-08     4.39688e-08     1.14559e-08      8.7701e-09     8.23292e-08     7.63973e-09     1.29053e-09     1.27196e-08     2.83505e-09      7.7688e-10     2.51165e-08     9.26724e-08     1.16247e-08     5.55405e-07 
       0.5     3.63507e-09     8.00243e-07     1.12852e-07      1.9191e-07     5.08302e-08     3.87059e-08     3.22694e-07     3.36968e-08     5.71053e-09     5.65763e-08     1.23259e-08     3.06463e-09      1.0921e-07     4.10637e-07     5.19014e-08     2.00571e-06 

 ***  IVARS_UL(H) - Upper Limits on Integrated Variograms: 
         H        factor#1        factor#2        factor#3        -------> 
       0.1     1.81334e-10     4.18301e-08     6.62547e-09     1.11619e-08     3.22979e-09     2.13406e-09     2.09939e-08     2.09679e-09     5.05694e-10     3.08159e-09     1.48236e-09     2.87392e-10     5.32461e-08     2.34631e-08     3.04421e-09     1.30486e-07 
       0.3     3.43419e-09     7.19784e-07     1.25903e-07     2.13113e-07     6.11936e-08     4.02979e-08     2.99592e-07     3.96075e-08     9.61301e-09     5.83327e-08     2.80285e-08     5.30303e-09     6.00521e-07     4.37119e-07     5.77942e-08     2.13244e-06 
       0.5     1.53276e-08     3.09569e-06     5.62132e-07     9.55965e-07     2.73342e-07     1.79788e-07     1.21672e-06     1.76329e-07     4.30173e-08     2.60122e-07     1.24476e-07     2.31834e-08     1.58281e-06     1.92749e-06     2.58412e-07     8.68817e-06 

 ***  VARS-TO_LL - Lower Limits on Sobol Total-Order Effects calculated through VARS: 
                  factor#1        factor#2        factor#3        -------> 
                0.00061991        0.126114       0.0192388       0.0322683      0.00861828      0.00654208       0.0466739      0.00573734      0.00096845      0.00963974      0.00205438     0.000481336       0.0184607       0.0692531      0.00885585        0.268594 

 ***  VARS-TO_UL - Lower Limits on Sobol Total-Order Effects calculated through VARS: 
                  factor#1        factor#2        factor#3        -------> 
                0.00261324        0.513859       0.0958965        0.162946       0.0466233       0.0306051        0.195286       0.0299851      0.00734559       0.0443407       0.0211702      0.00392364        0.163474        0.325416       0.0441132         1.39464 

 ***  Reliability Estimates of Factor Rankings based on IVARS: 
         H        factor#1        factor#2        factor#3        -------> 
       0.1            0.91           0.688           0.615           0.601           0.486           0.628           0.443           0.698             0.9            0.57           0.997           0.812           0.302            0.59           0.549               1 
       0.3           0.876           0.848           0.611           0.595            0.45           0.637           0.589           0.707           0.933           0.564           0.997           0.811           0.166           0.466             0.5               1 
       0.5           0.849           0.955           0.607           0.567            0.43           0.648            0.49           0.717           0.948           0.559           0.996           0.801            0.28           0.779            0.47           0.997 

 ***  Reliability Estimates of Factor Rankings based on VARS-TO: 
                  factor#1        factor#2        factor#3        -------> 
                     0.822           0.983           0.605           0.479           0.425           0.656           0.677           0.724           0.962           0.561           0.996           0.788           0.198           0.973           0.466           0.987 

 ***  Factor Grouping based on VARS-TO & IVARS50: 
                  factor#1        factor#2        factor#3        -------> 
 VARS-TO              2               3               1               1               4               4               1               4               2               4               4               2               1               3               4               3 
 IVARS50              3               4               1               1               5               5               4               5               3               5               5               3               4               4               5               2 

 ***  Reliability Estimates of Rankings based on Factor Grouping: 
                  factor#1        factor#2        factor#3        -------> 
 VARS-TO              1               1               1           0.983               1           0.996           0.999               1           0.996               1           0.996               1           0.992           0.978               1               1 
 IVARS50              1               1           0.996           0.633               1           0.996           0.994               1           0.997               1           0.997               1           0.636           0.999               1               1 
