 -------- Variogram Analysis of Response Surfaces (VARS) Output File -------- 
 VARS settings: 
 Target Number of Stars = 100 
 Current Number of Stars = 80 
 minimum h = 0.1 
 Bootstrap Size = 1000 
 Bootstrap Confidence Level = 0.9 

 ***  gamma(h) - Directional Variograms: 
         h        factor#1        factor#2        factor#3        -------> 
       0.1     4.39308e-09     1.08059e-06     4.12992e-07     4.23623e-07     5.80964e-08     7.33857e-08      2.7312e-07      5.7355e-08     2.71713e-08     4.37654e-08      5.4443e-08     6.99901e-08     9.07303e-08     3.22711e-07     4.31303e-08      1.0852e-06 
       0.2     1.75094e-08     3.17395e-06     1.46303e-06     1.54166e-06     2.13915e-07     2.53751e-07     1.05756e-06     2.27108e-07     1.04264e-07     1.75131e-07     2.12851e-07      2.6159e-07     3.56293e-07     1.20571e-06     1.70412e-07     4.13845e-06 
       0.3     3.92341e-08     5.91328e-06      3.1122e-06     3.24532e-06     4.57328e-07     4.75895e-07      2.2996e-06     5.06831e-07     2.26589e-07     3.93842e-07     4.70427e-07     5.34391e-07     7.84619e-07     2.61509e-06     3.79128e-07     9.07799e-06 
       0.4      6.9443e-08     9.58405e-06     5.40781e-06       5.481e-06     7.82636e-07     7.65084e-07     3.97772e-06     8.95431e-07     3.91692e-07      6.9921e-07     8.25447e-07     8.74188e-07     1.36872e-06     4.55358e-06     6.65994e-07     1.57008e-05 
       0.5     1.07863e-07     1.41196e-05     8.28878e-06     8.25593e-06      1.1847e-06     1.09805e-06     6.09489e-06     1.39307e-06     5.99346e-07     1.09044e-06     1.27945e-06     1.28475e-06     2.10525e-06     7.02524e-06     1.02904e-06        2.39e-05 
       0.6     1.54006e-07     1.95602e-05     1.15404e-05     1.16118e-05     1.66252e-06     1.47661e-06     8.64928e-06     2.00106e-06     8.51685e-07     1.56668e-06     1.83715e-06     1.78118e-06      2.9887e-06     1.00464e-05     1.46737e-06     3.38868e-05 
       0.7     2.07374e-07     2.60351e-05     1.40421e-05      1.5628e-05     2.22224e-06     1.89228e-06      1.1686e-05     2.72188e-06     1.15325e-06     2.12709e-06     2.50544e-06     2.39195e-06     4.01024e-06     1.36316e-05     1.98111e-06      4.5061e-05 
       0.8     2.67755e-07     3.33803e-05     1.70613e-05     2.03969e-05     2.87779e-06     2.24994e-06     1.52586e-05     3.55945e-06     1.51115e-06     2.76991e-06      3.2925e-06     3.15219e-06     5.17328e-06     1.78172e-05     2.57167e-06     5.69153e-05 
       0.9     3.35231e-07     4.08851e-05     2.03926e-05      2.5583e-05     3.65061e-06     2.69094e-06     1.93724e-05     4.51955e-06     1.93553e-06     3.49217e-06       4.209e-06     3.98539e-06     6.48497e-06     2.25442e-05     3.23906e-06     7.15437e-05 

 ***  COV(h) - Directional Covariograms: 
         h        factor#1        factor#2        factor#3        -------> 
       0.1      3.6512e-05     3.24289e-05     5.83976e-05     2.93059e-05     3.61542e-05     3.52323e-05     3.26806e-05     3.75164e-05     3.60029e-05     3.65526e-05     3.68144e-05      3.7839e-05     3.35944e-05     3.77804e-05     3.83208e-05     3.18175e-05 
       0.2     3.64881e-05     2.93229e-05     5.70641e-05      2.7806e-05     3.59739e-05     3.49684e-05     3.14625e-05     3.72295e-05     3.58967e-05     3.63482e-05     3.65398e-05     3.75973e-05     3.31931e-05     3.64179e-05       3.816e-05     2.76239e-05 
       0.3      3.6467e-05     2.65015e-05     5.52666e-05     2.61376e-05     3.57357e-05     3.47169e-05     3.02359e-05     3.69515e-05     3.57776e-05     3.61294e-05     3.62858e-05      3.7339e-05     3.27618e-05     3.50068e-05     3.79533e-05     2.26017e-05 
       0.4     3.64482e-05     2.37238e-05     5.26542e-05     2.42847e-05     3.54395e-05     3.45087e-05     2.90027e-05     3.66819e-05      3.5645e-05     3.58968e-05     3.60507e-05     3.70535e-05     3.23099e-05     3.35426e-05     3.77011e-05     1.72069e-05 
       0.5     3.64316e-05     2.09453e-05     5.10309e-05     2.22315e-05     3.50904e-05     3.43439e-05     2.77482e-05     3.64201e-05     3.54984e-05     3.56503e-05     3.58322e-05     3.67327e-05     3.18487e-05     3.20463e-05     3.74049e-05     1.16044e-05 
       0.6     3.64183e-05     1.81403e-05     4.96659e-05     1.99583e-05     3.46921e-05     3.42175e-05     2.64878e-05     3.61658e-05     3.53377e-05      3.5391e-05     3.56277e-05     3.63709e-05     3.13782e-05      3.0488e-05     3.70667e-05      5.5127e-06 
       0.7     3.64098e-05     1.52135e-05     4.74731e-05     1.74368e-05     3.42445e-05     3.41309e-05     2.52081e-05     3.59192e-05     3.51628e-05      3.5121e-05     3.54355e-05     3.59616e-05     3.08945e-05     2.88223e-05     3.66895e-05    -6.32428e-07 
       0.8     3.64075e-05     1.19569e-05     4.54287e-05     1.46496e-05     3.37464e-05     3.40711e-05     2.38767e-05       3.568e-05     3.49738e-05     3.48404e-05     3.52553e-05     3.54996e-05     3.03989e-05     2.70459e-05      3.6276e-05    -6.44286e-06 
       0.9     3.64119e-05     8.17829e-06     4.35091e-05     1.17257e-05     3.31896e-05     3.39772e-05     2.24752e-05     3.54478e-05     3.47709e-05     3.45479e-05     3.50877e-05      3.5008e-05     2.98878e-05     2.52426e-05     3.58243e-05    -1.26241e-05 

 ***  ECOV(h) - Directional Expected Covariograms: 
         h        factor#1        factor#2        factor#3        -------> 
       0.1     5.49567e-08     6.95966e-06     4.08029e-06     4.13783e-06     5.88667e-07     5.50003e-07     3.08604e-06     7.12628e-07     3.02283e-07     5.58963e-07     6.53434e-07     6.36352e-07     1.06751e-06     3.56632e-06     5.24104e-07     1.20438e-05 
       0.2     3.62616e-08     4.08785e-06     2.71125e-06     2.59246e-06     3.77187e-07      3.2621e-07     1.99361e-06     4.69646e-07     1.95484e-07     3.69706e-07     4.28208e-07     3.81247e-07     6.95347e-07     2.31849e-06     3.43745e-07     7.87303e-06 
       0.3     1.44524e-08     1.33867e-06     1.01239e-06      9.3584e-07     1.38884e-07     7.88412e-08     7.69686e-07     1.91331e-07     7.59136e-08     1.50748e-07      1.7364e-07     1.24651e-07     2.67999e-07     9.21727e-07     1.35449e-07     2.86818e-06 
       0.4    -1.02449e-08    -1.60067e-06    -1.11172e-06    -8.56089e-07    -1.24773e-07     -1.6445e-07    -5.86163e-07    -1.22597e-07    -5.66861e-08    -9.70185e-08     -1.1152e-07    -1.43373e-07    -2.09318e-07    -6.40475e-07    -9.78951e-08    -2.57982e-06 
       0.5    -3.74811e-08     -4.7475e-06    -3.21077e-06     -2.8012e-06    -4.09148e-07    -4.00516e-07    -2.07687e-06    -4.72528e-07    -2.02627e-07    -3.72851e-07    -4.29558e-07    -4.30302e-07    -7.30955e-07    -2.37399e-06    -3.54208e-07    -8.37541e-06 
       0.6    -6.68475e-08    -8.10508e-06    -5.28951e-06     -4.9123e-06    -7.10423e-07    -6.33729e-07    -3.69155e-06    -8.58954e-07    -3.62394e-07    -6.76004e-07    -7.83307e-07     -7.4127e-07    -1.29206e-06    -4.28793e-06    -6.32433e-07    -1.47567e-05 
       0.7    -9.80349e-08     -1.1716e-05    -6.73945e-06    -7.20158e-06    -1.02821e-06    -8.61559e-07    -5.45425e-06    -1.28245e-06    -5.36694e-07    -1.00585e-06    -1.17529e-06    -1.08154e-06    -1.88536e-06    -6.37997e-06    -9.32341e-07    -2.11867e-05 
       0.8    -1.30928e-07    -1.55672e-05    -8.36838e-06    -9.65974e-06    -1.36442e-06    -1.08213e-06     -7.3732e-06    -1.74375e-06    -7.26543e-07    -1.36133e-06    -1.60727e-06    -1.45128e-06    -2.50835e-06    -8.65783e-06    -1.25412e-06    -2.73383e-05 
       0.9    -1.65555e-07    -1.95265e-05    -1.00521e-05    -1.20888e-05    -1.71591e-06    -1.32613e-06    -9.42457e-06    -2.24397e-06    -9.33419e-07    -1.74088e-06    -2.08097e-06    -1.79795e-06    -3.16618e-06    -1.10331e-05    -1.59581e-06    -3.44588e-05 

 ***  IVARS(H) - Integrated Variograms: 
         H        factor#1        factor#2        factor#3        -------> 
       0.1     2.19654e-10     5.40294e-08     2.06496e-08     2.11812e-08     2.90482e-09     3.66928e-09      1.3656e-08     2.86775e-09     1.35856e-09     2.18827e-09     2.72215e-09      3.4995e-09     4.53652e-09     1.61356e-08     2.15651e-09       5.426e-08 
       0.3     4.15195e-09     7.21118e-07     3.43212e-07     3.58795e-07     5.00675e-08     5.65084e-08     2.48048e-07     5.37879e-08      2.4473e-08     4.15818e-08     5.02507e-08     5.98776e-08     8.39333e-08     2.83597e-07     4.03107e-08     9.76265e-07 
       0.5     1.84511e-08     2.68117e-06     1.45404e-06     1.48196e-06     2.10433e-07     2.11714e-07     1.06554e-06     2.38326e-07     1.04939e-07     1.85717e-07     2.20289e-07     2.38254e-07     3.65298e-07     1.22097e-06     1.77319e-07     4.19524e-06 

 ***  Factor Rankings based on IVARS: 
         H        factor#1        factor#2        factor#3        -------> 
       0.1              16               2               4               3              10               8               6              11              15              13              12               9               7               5              14               1 
       0.3              16               2               4               3              12               9               6              10              15              13              11               8               7               5              14               1 
       0.5              16               2               4               3              12              11               6               8              15              13              10               9               7               5              14               1 

 ***  VARS-TO - Sobol Total-Order Effects calculated through VARS: 
                  factor#1        factor#2        factor#3        -------> 
                0.00157747        0.213703        0.119428         0.12124       0.0171904       0.0165692       0.0892837       0.0204655      0.00875662         0.01602       0.0188148        0.018774       0.0307851        0.103367       0.0150766        0.348958 

 ***  Factor Rankings based on VARS-TO: 
                  factor#1        factor#2        factor#3        -------> 
                        16               2               4               3              11              12               6               8              15              13               9              10               7               5              14               1 

 ***  VARS-ABE - Morris mean ABsolute Elementary effects across scales: 
   delta x        factor#1        factor#2        factor#3        -------> 
       0.1     7.27401e-05     0.000953048     0.000463043       0.0006372     0.000249773     0.000233242       0.0005604     0.000245521     0.000138437     0.000237032      0.00020299     0.000149576     0.000332374     0.000616542     0.000229929      0.00116471 
       0.2     0.000145833      0.00181679     0.000920406      0.00125198     0.000496326     0.000458107      0.00110773     0.000490013     0.000275199      0.00047457     0.000403915     0.000292426     0.000662265       0.0012105     0.000458605      0.00231176 
       0.3     0.000219242      0.00261971      0.00138006      0.00185814     0.000739446     0.000671366      0.00164366     0.000733919     0.000411045     0.000712115     0.000603461     0.000429332     0.000986274      0.00178938     0.000685113      0.00347025 
       0.4      0.00029279      0.00342324       0.0018461      0.00246109      0.00097946     0.000883317      0.00217545     0.000977642     0.000546674     0.000949593     0.000802507     0.000565141      0.00130813      0.00236603     0.000909813      0.00459325 
       0.5     0.000366288      0.00421134      0.00230481      0.00306957      0.00121757      0.00108608      0.00270853       0.0012216     0.000682767      0.00118677      0.00100202     0.000702749      0.00162322       0.0029454      0.00113062      0.00567851 
       0.6     0.000439185      0.00498467      0.00275708      0.00369164      0.00145058      0.00128689      0.00323796      0.00146626     0.000820011      0.00142311      0.00120317     0.000845311      0.00193396      0.00352223      0.00135152      0.00675809 
       0.7     0.000511241      0.00577091      0.00317468      0.00433565      0.00168278      0.00147517      0.00377024      0.00171205     0.000959105      0.00165889      0.00140693     0.000996273      0.00224133      0.00410147      0.00156895      0.00777652 
       0.8     0.000582436      0.00653587      0.00359514      0.00500792      0.00191998      0.00164398      0.00430538      0.00195934       0.0011008      0.00189347      0.00161377      0.00115908       0.0025438      0.00467911      0.00178268      0.00870557 
       0.9     0.000652789       0.0071924      0.00399986      0.00569055      0.00216138      0.00180941       0.0048389      0.00220864      0.00124594      0.00212597      0.00182431      0.00132966      0.00284094       0.0052586      0.00199392      0.00975157 

 ***  VARS-ACE - Morris mean ACtual Elementary effects across scales: 
   delta x        factor#1        factor#2        factor#3        -------> 
       0.1     5.98574e-05    -0.000748947    -0.000423032    -0.000632283    -0.000239917     0.000200223     0.000502366     0.000245405     0.000138437     0.000224488     0.000201356     0.000142166      0.00030133      0.00055242     -0.00021863      -0.0010332 
       0.2     0.000120387     -0.00147005    -0.000851901     -0.00125198    -0.000479233     0.000407756     0.000998182     0.000489836     0.000275199     0.000449358     0.000400757     0.000278103     0.000599369      0.00110435    -0.000435965     -0.00207303 
       0.3     0.000181326     -0.00219124     -0.00128816     -0.00185814    -0.000718537     0.000624324      0.00148683     0.000733735     0.000411045      0.00067475     0.000598922      0.00040858     0.000896088      0.00165597    -0.000651979      -0.0031701 
       0.4     0.000242379     -0.00292385     -0.00174174     -0.00246109    -0.000958623     0.000841428      0.00197206     0.000977504     0.000546674     0.000900537     0.000796653     0.000537931      0.00119171      0.00221071    -0.000867185     -0.00425809 
       0.5     0.000303232     -0.00365587     -0.00218236     -0.00306957     -0.00119875      0.00105438      0.00246042      0.00122154     0.000682767      0.00112611     0.000994983     0.000669622      0.00148862      0.00276402     -0.00108298     -0.00531791 
       0.6     0.000363568     -0.00438577      -0.0026126     -0.00369164     -0.00143793      0.00126214      0.00295809      0.00146626     0.000820011      0.00135081      0.00119498     0.000806896      0.00178756      0.00331606     -0.00130078     -0.00638713 
       0.7     0.000423094      -0.0051129      -0.0030057     -0.00433565     -0.00167659      0.00145676      0.00346926      0.00171205     0.000959105      0.00157442      0.00139748     0.000953353      0.00209087      0.00386393     -0.00152128     -0.00739691 
       0.8     0.000481547     -0.00588021      -0.0034076     -0.00500792     -0.00191693      0.00163102      0.00399273      0.00195934       0.0011008      0.00179743      0.00160303      0.00111241      0.00239748      0.00441739     -0.00174386     -0.00829212 
       0.9     0.000538717     -0.00674052     -0.00380729     -0.00569055     -0.00215925      0.00180201      0.00452129      0.00220864      0.00124594      0.00202039      0.00181221       0.0012795      0.00271197      0.00497178     -0.00196767     -0.00929878 

 ********         Bootstrapping Results        ******** 
 ***  gamma_LL(h) - Lower Limits on Directional Variograms: 
         h        factor#1        factor#2        factor#3        -------> 
       0.1     3.24394e-09      6.5207e-07     1.35517e-07     3.00505e-07     3.81297e-08     3.05198e-08     2.04125e-07     4.02126e-08     1.35706e-08     3.36154e-08     3.37973e-08     2.03381e-08     6.93836e-08     2.47643e-07     3.31214e-08     8.48945e-07 
       0.2     1.28042e-08     2.27138e-06     5.29597e-07     1.10543e-06     1.51716e-07     1.20516e-07     7.91647e-07     1.59552e-07      5.2272e-08     1.34538e-07     1.33123e-07      7.0907e-08     2.73057e-07     9.20558e-07       1.303e-07     3.26637e-06 
       0.3     2.87352e-08     4.53437e-06     1.15632e-06     2.31905e-06      3.4007e-07      2.6666e-07     1.72591e-06     3.56328e-07     1.15187e-07     3.02481e-07     2.95827e-07     1.42423e-07     6.04118e-07     1.98628e-06     2.89489e-07     7.18997e-06 
       0.4     5.10027e-08     7.47647e-06     2.00051e-06     3.94995e-06     5.96232e-07       4.668e-07     2.99576e-06     6.30312e-07      2.0131e-07     5.36626e-07     5.20671e-07     2.32097e-07      1.0518e-06     3.45162e-06     5.07049e-07     1.23921e-05 
       0.5     7.91769e-08     1.10529e-05     3.05494e-06     5.97145e-06     9.20414e-07     7.16582e-07     4.60084e-06     9.81256e-07     3.10739e-07      8.3557e-07     8.09578e-07     3.44684e-07     1.61934e-06     5.32436e-06     7.77877e-07     1.87818e-05 
       0.6     1.13035e-07     1.53055e-05     4.36505e-06      8.4109e-06     1.29087e-06     1.01711e-06     6.51272e-06     1.40968e-06     4.41736e-07      1.2007e-06     1.16407e-06      4.8112e-07     2.26653e-06      7.5899e-06     1.10682e-06     2.64761e-05 
       0.7     1.52197e-07     2.02806e-05      5.9665e-06     1.13744e-05     1.71823e-06     1.35744e-06     8.82069e-06     1.91683e-06     6.01069e-07     1.62944e-06     1.58489e-06     6.51238e-07     3.02899e-06     1.02846e-05     1.48642e-06     3.50028e-05 
       0.8     1.96621e-07     2.59051e-05     7.82182e-06     1.49721e-05     2.22843e-06     1.69676e-06     1.14692e-05     2.50489e-06     7.87702e-07     2.11705e-06     2.06749e-06     8.65865e-07     3.92499e-06     1.34255e-05     1.93152e-06     4.39596e-05 
       0.9     2.46499e-07     3.13885e-05     9.99866e-06     1.91154e-05     2.82463e-06     2.00861e-06      1.4555e-05     3.17901e-06      1.0055e-06     2.66536e-06     2.64379e-06     1.14306e-06     4.92312e-06     1.68572e-05     2.42597e-06     5.51206e-05 

 ***  gamma_UL(h) - Upper Limits on Directional Variograms: 
         h        factor#1        factor#2        factor#3        -------> 
       0.1     5.74602e-09     1.64552e-06     8.33215e-07     5.63217e-07     8.59852e-08     1.48128e-07     3.44908e-07     7.55985e-08      4.2906e-08     5.39517e-08     7.64215e-08     1.37217e-07     1.13463e-07     4.07511e-07     5.46612e-08     1.32436e-06 
       0.2     2.28702e-08     4.25116e-06     2.81701e-06     2.03011e-06     2.93221e-07     4.75829e-07      1.3361e-06     2.99506e-07     1.63594e-07      2.1587e-07     2.98756e-07     5.23462e-07     4.42779e-07     1.51604e-06     2.14315e-07     5.00977e-06 
       0.3     5.11325e-08      7.4512e-06     5.91276e-06     4.25857e-06     5.93899e-07     7.94796e-07     2.89867e-06     6.67824e-07     3.57258e-07     4.85137e-07     6.58657e-07     1.07781e-06     9.70754e-07     3.28778e-06     4.79398e-07     1.09143e-05 
       0.4     9.08468e-08     1.17326e-05      1.0328e-05     7.17375e-06     9.86964e-07     1.18332e-06     5.01629e-06     1.17923e-06     6.12419e-07     8.61183e-07     1.15723e-06     1.77951e-06     1.68609e-06     5.73467e-06     8.37404e-07     1.89315e-05 
       0.5     1.41574e-07     1.71837e-05     1.58402e-05      1.0803e-05     1.48001e-06     1.58832e-06     7.68965e-06     1.83622e-06     9.35119e-07     1.34367e-06     1.79395e-06     2.63671e-06     2.60367e-06      8.8662e-06     1.29343e-06     2.88027e-05 
       0.6     2.01732e-07     2.36039e-05     2.16952e-05     1.51258e-05     2.05447e-06     2.05184e-06     1.09514e-05     2.63478e-06     1.32799e-06     1.93061e-06     2.57665e-06     3.67693e-06     3.71979e-06     1.26956e-05     1.84386e-06      4.1001e-05 
       0.7     2.71473e-07       3.162e-05     2.47954e-05     2.02861e-05     2.72698e-06     2.54187e-06     1.47299e-05     3.58331e-06     1.79687e-06      2.6248e-06     3.52448e-06     4.93825e-06     5.02218e-06     1.72156e-05     2.50069e-06     5.48568e-05 
       0.8      3.5144e-07     4.07884e-05     2.87943e-05       2.632e-05     3.51715e-06     2.87065e-06     1.92749e-05     4.68592e-06     2.34415e-06     3.42292e-06     4.64214e-06     6.46378e-06     6.47947e-06     2.25365e-05     3.26478e-06     6.96216e-05 
       0.9       4.408e-07     5.03589e-05     3.29526e-05     3.21556e-05     4.47647e-06     3.38896e-06     2.44622e-05     5.94606e-06     3.01189e-06      4.3181e-06     5.93982e-06     7.96603e-06     8.15757e-06     2.86505e-05      4.1092e-06     8.76353e-05 

 ***  IVARS_LL(H) - Lower Limits on Integrated Variograms: 
         H        factor#1        factor#2        factor#3        -------> 
       0.1     1.62197e-10     3.26035e-08     6.77587e-09     1.50253e-08     1.90649e-09     1.52599e-09     1.02063e-08     2.01063e-09     6.78528e-10     1.68077e-09     1.68986e-09      1.0169e-09     3.46918e-09     1.23822e-08     1.65607e-09     4.24472e-08 
       0.3     3.03636e-09     5.24877e-07      1.2405e-07     2.56739e-07     3.60285e-08     2.84549e-08     1.86035e-07     3.78067e-08     1.23357e-08     3.19325e-08     3.14834e-08     1.62794e-08     6.44984e-08     2.15608e-07      3.0701e-08     7.70177e-07 
       0.5     1.35569e-08     2.09291e-06     5.36254e-07     1.06548e-06     1.59044e-07     1.24248e-07     8.02216e-07     1.67682e-07     5.37734e-08     1.42505e-07     1.38893e-07     6.36936e-08      2.8101e-07     9.26421e-07      1.3509e-07     3.32745e-06 

 ***  IVARS_UL(H) - Upper Limits on Integrated Variograms: 
         H        factor#1        factor#2        factor#3        -------> 
       0.1     2.87301e-10      8.2276e-08     4.16608e-08     2.81609e-08     4.29926e-09     7.40642e-09     1.72454e-08     3.77992e-09      2.1453e-09     2.69758e-09     3.82107e-09     6.86087e-09     5.67316e-09     2.03756e-08     2.73306e-09      6.6218e-08 
       0.3     5.42768e-09     9.57943e-07     6.60475e-07     4.73277e-07     6.74517e-08     1.02197e-07     3.11884e-07     7.09304e-08     3.84739e-08     5.12532e-08     7.04034e-08     1.20144e-07     1.03864e-07      3.5582e-07     5.08598e-08     1.18015e-06 
       0.5     2.41026e-08     3.33524e-06     2.78044e-06     1.94165e-06     2.67433e-07     3.38792e-07     1.34116e-06     3.13838e-07     1.64532e-07     2.28756e-07     3.08772e-07      4.8187e-07     4.49843e-07     1.53666e-06     2.23175e-07     5.05183e-06 

 ***  VARS-TO_LL - Lower Limits on Sobol Total-Order Effects calculated through VARS: 
                  factor#1        factor#2        factor#3        -------> 
                0.00115731        0.166394       0.0452866       0.0876089       0.0133539       0.0104967       0.0673619       0.0144133      0.00454714       0.0122753       0.0119025      0.00500125       0.0235545       0.0783113        0.011346        0.273848 

 ***  VARS-TO_UL - Lower Limits on Sobol Total-Order Effects calculated through VARS: 
                  factor#1        factor#2        factor#3        -------> 
                0.00206751        0.261608        0.224499        0.159163        0.021328       0.0246436        0.112692        0.026966       0.0136509       0.0197388       0.0263784       0.0387043       0.0381927        0.130353       0.0189607        0.421111 

 ***  Reliability Estimates of Factor Rankings based on IVARS: 
         H        factor#1        factor#2        factor#3        -------> 
       0.1               1           0.505            0.21           0.543           0.601           0.287            0.64           0.257           0.911           0.239           0.293           0.202           0.656           0.611           0.293           0.523 
       0.3               1            0.96           0.218           0.558           0.161           0.297            0.61           0.164           0.922           0.356           0.224           0.226           0.768           0.611           0.407           0.981 
       0.5               1           0.956           0.187           0.509            0.22           0.113           0.613           0.403             0.9           0.466           0.186           0.048           0.814           0.581           0.508           0.999 

 ***  Reliability Estimates of Factor Rankings based on VARS-TO: 
                  factor#1        factor#2        factor#3        -------> 
                         1           0.952           0.163           0.488           0.204           0.108           0.617           0.461           0.873           0.427           0.362           0.064           0.842           0.529           0.498               1 

 ***  Factor Grouping based on VARS-TO & IVARS50: 
                  factor#1        factor#2        factor#3        -------> 
 VARS-TO              2               1               3               3               4               4               3               4               4               4               4               4               4               3               4               1 
 IVARS50              2               1               3               3               4               4               3               4               4               4               4               4               4               3               4               1 

 ***  Reliability Estimates of Rankings based on Factor Grouping: 
                  factor#1        factor#2        factor#3        -------> 
 VARS-TO              1           0.952            0.95               1               1               1               1               1               1               1               1           0.998               1               1               1               1 
 IVARS50              1           0.977           0.966               1               1           0.993               1               1               1               1               1           0.997               1               1               1           0.999 
