 -------- Variogram Analysis of Response Surfaces (VARS) Output File -------- 
 VARS settings: 
 Target Number of Stars = 100 
 Current Number of Stars = 90 
 minimum h = 0.1 
 Bootstrap Size = 1000 
 Bootstrap Confidence Level = 0.9 

 ***  gamma(h) - Directional Variograms: 
         h        factor#1        factor#2        factor#3        -------> 
       0.1     4.12299e-09     1.10424e-06     3.77169e-07     3.94163e-07     5.53279e-08     6.85033e-08     2.61883e-07      5.4064e-08     2.51387e-08     4.24796e-08     5.02487e-08      8.2391e-08     8.82501e-08     3.13251e-07     4.10375e-08      1.0537e-06 
       0.2      1.6437e-08     3.10665e-06     1.33981e-06     1.43749e-06     2.04086e-07     2.37914e-07     1.01474e-06     2.13985e-07     9.63966e-08     1.69666e-07     1.96572e-07     3.02826e-07     3.47131e-07       1.177e-06     1.62108e-07     4.02555e-06 
       0.3     3.68395e-08      5.6851e-06     2.85351e-06     3.03146e-06     4.36729e-07     4.48268e-07     2.20658e-06      4.7737e-07     2.09407e-07      3.8103e-07     4.34662e-07     6.09884e-07     7.65801e-07     2.56149e-06     3.60645e-07     8.85719e-06 
       0.4     6.52171e-08     9.10872e-06     4.96013e-06     5.12834e-06     7.48069e-07     7.21547e-07      3.8133e-06     8.43185e-07     3.61936e-07      6.7589e-07      7.6296e-07     9.83522e-07     1.33768e-06     4.46913e-06     6.33718e-07     1.53545e-05 
       0.5     1.01323e-07      1.3375e-05     7.60555e-06     7.73512e-06     1.13365e-06     1.03782e-06     5.83716e-06     1.31171e-06      5.5383e-07     1.05358e-06     1.18283e-06     1.42882e-06     2.05915e-06     6.90081e-06     9.79641e-07     2.34079e-05 
       0.6     1.44716e-07     1.85186e-05     1.05997e-05       1.089e-05     1.59303e-06     1.39983e-06     8.28299e-06     1.88443e-06      7.8713e-07     1.51355e-06     1.69848e-06     1.96785e-06     2.92438e-06     9.86506e-06     1.39772e-06     3.32178e-05 
       0.7     1.94948e-07     2.45916e-05     1.29481e-05     1.46654e-05     2.13235e-06     1.80135e-06     1.11993e-05     2.56399e-06     1.06613e-06     2.05545e-06     2.31608e-06     2.63984e-06     3.92448e-06     1.33677e-05     1.88834e-06     4.41733e-05 
       0.8     2.51823e-07     3.13578e-05     1.57799e-05     1.91471e-05     2.76525e-06     2.15958e-06     1.46348e-05     3.35436e-06     1.39752e-06     2.67839e-06     3.04299e-06     3.49293e-06     5.06191e-06     1.74361e-05     2.45319e-06     5.58061e-05 
       0.9     3.15402e-07     3.81552e-05      1.8916e-05     2.40449e-05     3.51327e-06     2.59982e-06     1.85916e-05     4.26114e-06     1.79092e-06     3.38051e-06     3.88887e-06     4.46872e-06     6.34323e-06     2.20208e-05      3.0928e-06     7.00493e-05 

 ***  COV(h) - Directional Covariograms: 
         h        factor#1        factor#2        factor#3        -------> 
       0.1     3.47425e-05       3.045e-05     5.45427e-05     2.85159e-05     3.48618e-05     3.41436e-05     3.09287e-05     3.59651e-05     3.40963e-05     3.46271e-05     3.50805e-05     3.56895e-05     3.21838e-05     3.76091e-05     3.62776e-05     3.02029e-05 
       0.2     3.47197e-05     2.75284e-05     5.33188e-05       2.711e-05     3.46915e-05        3.39e-05     2.97526e-05     3.56945e-05     3.39982e-05     3.44311e-05     3.48254e-05     3.54142e-05     3.17891e-05     3.62705e-05     3.61256e-05     2.60954e-05 
       0.3     3.46998e-05     2.48954e-05      5.1675e-05     2.55478e-05     3.44637e-05     3.36651e-05     2.85724e-05      3.5433e-05     3.38882e-05     3.42198e-05     3.45905e-05     3.51283e-05     3.13672e-05     3.48848e-05      3.5929e-05     2.11806e-05 
       0.4     3.46823e-05     2.23229e-05     4.92962e-05     2.38147e-05     3.41782e-05     3.34651e-05     2.73968e-05     3.51796e-05     3.37654e-05     3.39936e-05     3.43743e-05     3.48206e-05     3.09272e-05     3.34477e-05     3.56881e-05     1.58976e-05 
       0.5     3.46673e-05     1.97174e-05     4.77901e-05      2.1896e-05     3.38395e-05     3.32994e-05     2.62141e-05     3.49337e-05     3.36295e-05     3.37525e-05     3.41748e-05     3.44805e-05     3.04801e-05       3.198e-05      3.5404e-05     1.04041e-05 
       0.6     3.46555e-05     1.70649e-05     4.65049e-05     1.97733e-05     3.34504e-05     3.31632e-05     2.50302e-05     3.46949e-05     3.34803e-05     3.34973e-05     3.39896e-05     3.40994e-05     3.00263e-05     3.04618e-05     3.50788e-05      4.4339e-06 
       0.7     3.46483e-05     1.43617e-05     4.44709e-05     1.74202e-05     3.30106e-05     3.30581e-05     2.38208e-05     3.44632e-05     3.33174e-05     3.32296e-05     3.38172e-05      3.3669e-05     2.95626e-05     2.88604e-05     3.47148e-05    -1.55514e-06 
       0.8     3.46469e-05      1.1564e-05     4.25636e-05     1.48186e-05     3.25181e-05     3.29748e-05     2.25524e-05     3.42386e-05     3.31407e-05     3.29491e-05     3.36573e-05     3.31858e-05     2.90893e-05     2.71778e-05     3.43145e-05    -7.23016e-06 
       0.9     3.46517e-05     8.78073e-06     4.07618e-05     1.20757e-05     3.19644e-05     3.28631e-05     2.12062e-05     3.40206e-05     3.29501e-05     3.26544e-05     3.35105e-05     3.26774e-05     2.86006e-05     2.54861e-05     3.38759e-05    -1.32391e-05 

 ***  ECOV(h) - Directional Expected Covariograms: 
         h        factor#1        factor#2        factor#3        -------> 
       0.1     5.16405e-08     6.50685e-06     3.74851e-06     3.87944e-06     5.64024e-07      5.2018e-07     2.95696e-06     6.71067e-07     2.79333e-07     5.39855e-07     6.04149e-07     7.01244e-07     1.04445e-06     3.50358e-06     4.99098e-07     1.18045e-05 
       0.2     3.40788e-08     3.79036e-06     2.48986e-06     2.43607e-06     3.61769e-07     3.09042e-07     1.90851e-06     4.42171e-07     1.80626e-07     3.56833e-07      3.9603e-07     4.13487e-07     6.81154e-07     2.28204e-06     3.27434e-07     7.73248e-06 
       0.3     1.35996e-08     1.20471e-06      9.3253e-07      8.8501e-07     1.34041e-07     7.68184e-08     7.35008e-07     1.80196e-07     7.01898e-08     1.45449e-07     1.60642e-07     1.28175e-07     2.63218e-07      9.0699e-07     1.29376e-07     2.83429e-06 
       0.4    -9.59163e-09    -1.53099e-06    -1.00865e-06    -7.95845e-07    -1.18044e-07    -1.52168e-07    -5.61574e-07    -1.15207e-07    -5.22685e-08    -9.36326e-08    -1.03126e-07    -1.64395e-07    -2.04193e-07    -6.33862e-07    -9.25987e-08    -2.51464e-06 
       0.5    -3.51797e-08    -4.47833e-06    -2.93365e-06    -2.62295e-06    -3.90501e-07    -3.75853e-07    -1.98561e-06    -4.44565e-07    -1.87092e-07    -3.59825e-07    -3.97304e-07    -4.74343e-07    -7.15316e-07    -2.34199e-06    -3.36715e-07    -8.20972e-06 
       0.6    -6.27965e-08    -7.64345e-06    -4.84718e-06    -4.60828e-06    -6.80203e-07    -5.98974e-07     -3.5317e-06    -8.08535e-07    -3.34787e-07    -6.52537e-07    -7.24412e-07    -8.10338e-07    -1.26502e-06    -4.22091e-06    -6.02085e-07    -1.44823e-05 
       0.7    -9.21625e-08    -1.10122e-05     -6.2092e-06    -6.76328e-06     -9.8699e-07    -8.19987e-07    -5.22453e-06    -1.20783e-06    -4.96061e-07    -9.71371e-07     -1.0867e-06    -1.18037e-06    -1.84608e-06    -6.26477e-06    -8.88637e-07    -2.07929e-05 
       0.8    -1.23171e-07    -1.44624e-05    -7.73911e-06    -9.08053e-06    -1.31294e-06    -1.03756e-06    -7.07004e-06    -1.64325e-06    -6.71918e-07    -1.31559e-06    -1.48576e-06    -1.58577e-06    -2.45588e-06    -8.47815e-06    -1.19672e-06    -2.68475e-05 
       0.9    -1.55843e-07    -1.76882e-05    -9.32808e-06    -1.13857e-05    -1.65597e-06    -1.27828e-06    -9.04563e-06    -2.11586e-06    -8.63788e-07    -1.68394e-06    -1.92318e-06    -1.97663e-06    -3.09919e-06    -1.07841e-05    -1.52476e-06     -3.3792e-05 

 ***  IVARS(H) - Integrated Variograms: 
         H        factor#1        factor#2        factor#3        -------> 
       0.1      2.0615e-10      5.5212e-08     1.88584e-08     1.97081e-08     2.76639e-09     3.42516e-09     1.30942e-08      2.7032e-09     1.25693e-09     2.12398e-09     2.51244e-09     4.11955e-09      4.4125e-09     1.56626e-08     2.05187e-09     5.26851e-08 
       0.3     3.89798e-09     7.05344e-07     3.14374e-07     3.34739e-07     4.77779e-08     5.30551e-08     2.37992e-07     5.06734e-08     2.26239e-08      4.0266e-08     4.64151e-08     6.90159e-08     8.18282e-08     2.77099e-07     3.83468e-08     9.50784e-07 
       0.5     1.73278e-08     2.56922e-06     1.33334e-06      1.3859e-06     2.01104e-07     1.99514e-07     1.02151e-06     2.24446e-07     9.69793e-08     1.79586e-07     2.03586e-07     2.69304e-07     3.56843e-07     1.19713e-06     1.68733e-07     4.09948e-06 

 ***  Factor Rankings based on IVARS: 
         H        factor#1        factor#2        factor#3        -------> 
       0.1              16               1               4               3              10               9               6              11              15              13              12               8               7               5              14               2 
       0.3              16               2               4               3              11               9               6              10              15              13              12               8               7               5              14               1 
       0.5              16               2               4               3              11              12               6               9              15              13              10               8               7               5              14               1 

 ***  VARS-TO - Sobol Total-Order Effects calculated through VARS: 
                  factor#1        factor#2        factor#3        -------> 
                0.00155293        0.211957        0.114894        0.119013        0.017248       0.0163939       0.0896397       0.0201938      0.00847907       0.0162171        0.018224        0.021823        0.031544        0.106293       0.0150419        0.358082 

 ***  Factor Rankings based on VARS-TO: 
                  factor#1        factor#2        factor#3        -------> 
                        16               2               4               3              11              12               6               9              15              13              10               8               7               5              14               1 

 ***  VARS-ABE - Morris mean ABsolute Elementary effects across scales: 
   delta x        factor#1        factor#2        factor#3        -------> 
       0.1      7.0178e-05     0.000936763     0.000445314     0.000612441     0.000242834     0.000225475     0.000547356     0.000237338     0.000133767     0.000232137     0.000192739     0.000157444     0.000325618     0.000605971     0.000223204      0.00115406 
       0.2     0.000140706      0.00177583     0.000885052      0.00120351     0.000482252     0.000442722      0.00108185     0.000473537     0.000265764     0.000464542       0.0003836     0.000306831     0.000649153      0.00119173     0.000445133      0.00229496 
       0.3     0.000211534      0.00255549      0.00132623      0.00178628     0.000718394     0.000648632      0.00160474     0.000709057     0.000396797     0.000696855      0.00057324      0.00044934      0.00096758      0.00176402     0.000665048      0.00344983 
       0.4     0.000282491       0.0033299      0.00177282      0.00236609     0.000951613     0.000852913      0.00212296     0.000944357     0.000527604     0.000929097     0.000762437     0.000590336      0.00128405      0.00233463     0.000883349      0.00457362 
       0.5     0.000353394       0.0040915      0.00221246      0.00295117      0.00118339      0.00104959      0.00264215      0.00117994     0.000658901      0.00116112     0.000952053     0.000733644      0.00159439      0.00290703      0.00109824      0.00566025 
       0.6     0.000423737      0.00483912      0.00264625      0.00354913      0.00141087      0.00124552      0.00315869      0.00141635     0.000791406      0.00139251      0.00114313     0.000883322      0.00190051      0.00347581      0.00131329       0.0067433 
       0.7     0.000493292      0.00559368      0.00304976      0.00416799      0.00163795      0.00143176      0.00367972      0.00165408      0.00092586      0.00162359      0.00133654      0.00104345      0.00220338      0.00404447      0.00152543      0.00776452 
       0.8     0.000562026      0.00631803      0.00345655      0.00481406      0.00187002      0.00160212      0.00420541      0.00189352      0.00106306       0.0018539      0.00153272      0.00121771      0.00250155      0.00460896      0.00173454      0.00869855 
       0.9     0.000629938      0.00691507      0.00385104      0.00547263      0.00210674      0.00176934        0.004732      0.00213511       0.0012039      0.00208272      0.00173225      0.00140201      0.00279467      0.00517362      0.00194177      0.00973639 

 ***  VARS-ACE - Morris mean ACtual Elementary effects across scales: 
   delta x        factor#1        factor#2        factor#3        -------> 
       0.1     5.67536e-05    -0.000707534    -0.000408473     -0.00060807    -0.000233219     0.000194641     0.000494409     0.000237234     0.000133767      0.00022022     0.000189799     0.000149164     0.000297781     0.000546519    -0.000212199      -0.0010371 
       0.2      0.00011405     -0.00140485    -0.000821608     -0.00120351     -0.00046552      0.00039485     0.000981873      0.00047338     0.000265764     0.000440541     0.000377722       0.0002907     0.000592872      0.00109217    -0.000423072     -0.00208276 
       0.3     0.000171679     -0.00210577     -0.00124111     -0.00178628    -0.000697658     0.000601989       0.0014619     0.000708893     0.000396797     0.000661191     0.000564464     0.000425782     0.000886987      0.00163752     -0.00063267     -0.00318304 
       0.4     0.000229401     -0.00281799     -0.00167605     -0.00236609    -0.000930472     0.000809185      0.00193824     0.000944234     0.000527604     0.000882169       0.0007508     0.000559333       0.0011802      0.00218579    -0.000841538      -0.0042757 
       0.5     0.000286961     -0.00352646     -0.00209959     -0.00295117      -0.0011634      0.00101314      0.00241782      0.00117989     0.000658901      0.00110303     0.000937708     0.000695694      0.00147448      0.00273286     -0.00105098     -0.00533971 
       0.6     0.000344101     -0.00422699     -0.00251408     -0.00354913     -0.00139571      0.00121378      0.00290736      0.00141635     0.000791406      0.00132325       0.0011262     0.000838999       0.0017703      0.00327868     -0.00126231     -0.00641356 
       0.7     0.000400584     -0.00491346     -0.00289593     -0.00416799     -0.00162787      0.00140464      0.00341111      0.00165408      0.00092586      0.00154278      0.00131708     0.000993492      0.00206964      0.00382087     -0.00147623     -0.00742709 
       0.8     0.000456198     -0.00561939     -0.00328643     -0.00481406     -0.00186208       0.0015794      0.00392749      0.00189352      0.00106306      0.00176217      0.00151089       0.0011628      0.00237149      0.00436869     -0.00169229     -0.00833103 
       0.9     0.000510783      -0.0063678     -0.00367625     -0.00547263     -0.00209897      0.00175176      0.00444968      0.00213511       0.0012039      0.00198198      0.00170819      0.00134247      0.00268003      0.00491867     -0.00190979     -0.00933391 

 ********         Bootstrapping Results        ******** 
 ***  gamma_LL(h) - Lower Limits on Directional Variograms: 
         h        factor#1        factor#2        factor#3        -------> 
       0.1     3.14756e-09     6.85409e-07     1.38301e-07     2.88355e-07     3.74724e-08     3.04111e-08     2.01022e-07     3.93919e-08     1.36064e-08     3.36646e-08     3.30909e-08      2.8741e-08     6.94265e-08     2.45024e-07     3.19285e-08     8.53057e-07 
       0.2     1.25082e-08      2.2749e-06     5.40228e-07      1.0485e-06     1.48845e-07     1.19403e-07      7.8066e-07     1.55951e-07     5.27266e-08     1.34153e-07     1.28943e-07     9.93696e-08     2.74778e-07     9.25674e-07     1.26277e-07     3.27606e-06 
       0.3     2.80187e-08     4.43638e-06     1.17194e-06     2.23081e-06     3.28429e-07     2.63082e-07     1.70293e-06     3.47109e-07     1.15678e-07     3.00946e-07     2.86087e-07     1.99796e-07     6.02838e-07     1.99956e-06     2.79951e-07     7.25505e-06 
       0.4     4.97271e-08      7.2364e-06     2.02844e-06      3.7731e-06     5.77458e-07      4.5623e-07     2.95889e-06     6.13232e-07     2.02056e-07     5.34093e-07     5.01359e-07     3.23124e-07     1.05492e-06     3.48713e-06     4.92187e-07     1.25088e-05 
       0.5     7.70937e-08     1.06156e-05      3.1259e-06     5.70091e-06     8.92862e-07     6.98285e-07     4.52101e-06     9.55299e-07      3.1304e-07     8.33054e-07     7.76802e-07     4.61723e-07     1.62743e-06     5.37449e-06     7.59277e-07     1.89692e-05 
       0.6     1.10062e-07     1.46801e-05      4.4852e-06     8.08628e-06      1.2541e-06     9.86972e-07      6.4452e-06      1.3733e-06     4.44891e-07     1.19684e-06     1.11449e-06     6.34385e-07      2.3157e-06      7.6613e-06     1.07343e-06     2.67297e-05 
       0.7      1.4856e-07     1.94495e-05     6.11326e-06     1.09628e-05     1.68409e-06     1.31896e-06     8.67694e-06      1.8696e-06      6.0225e-07     1.62312e-06     1.51634e-06     8.54536e-07     3.09235e-06     1.03381e-05     1.44567e-06     3.54797e-05 
       0.8      1.9184e-07     2.47707e-05     8.07345e-06     1.44139e-05     2.19047e-06     1.66062e-06     1.13231e-05     2.44749e-06     7.88167e-07     2.11762e-06     1.99279e-06     1.14805e-06     3.96455e-06     1.34371e-05     1.87493e-06     4.46619e-05 
       0.9     2.40745e-07     2.94594e-05     1.03019e-05     1.85926e-05     2.76665e-06     1.98229e-06     1.43499e-05     3.11301e-06     1.00285e-06     2.66873e-06     2.54511e-06     1.53637e-06     4.95485e-06     1.68647e-05     2.35707e-06     5.58933e-05 

 ***  gamma_UL(h) - Upper Limits on Directional Variograms: 
         h        factor#1        factor#2        factor#3        -------> 
       0.1     5.27969e-09     1.63804e-06     7.85584e-07     5.22426e-07     7.95692e-08     1.35524e-07     3.32492e-07     7.05566e-08     4.05333e-08     5.27661e-08     7.10287e-08     1.50969e-07      1.0947e-07      3.9407e-07     5.16443e-08     1.26487e-06 
       0.2     2.10666e-08     4.09033e-06     2.67774e-06     1.87291e-06     2.74951e-07     4.38181e-07     1.28642e-06     2.79692e-07      1.5415e-07     2.10818e-07     2.77917e-07      5.6874e-07     4.30439e-07     1.48686e-06     2.04725e-07     4.81166e-06 
       0.3     4.72931e-08      7.1279e-06       5.621e-06     3.93107e-06     5.64758e-07     7.36517e-07     2.78397e-06     6.23493e-07      3.3412e-07      4.7355e-07     6.15331e-07      1.1574e-06     9.47829e-07     3.24371e-06     4.56354e-07     1.05208e-05 
       0.4     8.39032e-08     1.11614e-05      9.7688e-06     6.64465e-06     9.37777e-07      1.1064e-06     4.78445e-06     1.09921e-06     5.75279e-07     8.40924e-07     1.08034e-06     1.88339e-06     1.65729e-06     5.65856e-06     8.03398e-07     1.82564e-05 
       0.5     1.30391e-07     1.63401e-05     1.49515e-05     9.99941e-06     1.40469e-06     1.48721e-06     7.31822e-06     1.71106e-06     8.76234e-07     1.31161e-06     1.67297e-06     2.74428e-06     2.55924e-06     8.77402e-06     1.24327e-06     2.79299e-05 
       0.6     1.86114e-07     2.27089e-05      2.0525e-05     1.40397e-05     1.96104e-06     1.90751e-06     1.03999e-05     2.45971e-06     1.24321e-06     1.88362e-06      2.4004e-06     3.80552e-06     3.64767e-06     1.25332e-05     1.77989e-06     3.96636e-05 
       0.7     2.49985e-07     3.01276e-05     2.35911e-05     1.88242e-05     2.62134e-06     2.34729e-06      1.4141e-05     3.34911e-06     1.68321e-06     2.55797e-06     3.26825e-06     5.10629e-06     4.91902e-06     1.70466e-05     2.40974e-06     5.30251e-05 
       0.8     3.24148e-07     3.86212e-05     2.74447e-05     2.44216e-05     3.41433e-06     2.71082e-06     1.85723e-05     4.37242e-06     2.20992e-06     3.33338e-06     4.31015e-06      6.7165e-06     6.37561e-06      2.2232e-05     3.13909e-06     6.70431e-05 
       0.9     4.05638e-07     4.74857e-05     3.15848e-05     2.99519e-05     4.33344e-06      3.2647e-06     2.36585e-05     5.55085e-06     2.84217e-06     4.20486e-06     5.52634e-06     8.40902e-06     8.02447e-06     2.82424e-05     3.96977e-06     8.43968e-05 

 ***  IVARS_LL(H) - Lower Limits on Integrated Variograms: 
         H        factor#1        factor#2        factor#3        -------> 
       0.1     1.57378e-10     3.42704e-08     6.91505e-09     1.44177e-08     1.87362e-09     1.52055e-09     1.00511e-08      1.9696e-09     6.80319e-10     1.68323e-09     1.65455e-09     1.43705e-09     3.47133e-09     1.22512e-08     1.59642e-09     4.26528e-08 
       0.3     2.96619e-09     5.22442e-07     1.26597e-07      2.4526e-07     3.50642e-08      2.8129e-08     1.83652e-07     3.68991e-08     1.24059e-08     3.18444e-08     3.04864e-08     2.27736e-08     6.46356e-08     2.17683e-07     2.98314e-08     7.76764e-07 
       0.5     1.32013e-08     2.02306e-06     5.43648e-07     1.02591e-06     1.54524e-07     1.21911e-07     7.92597e-07     1.63149e-07     5.38421e-08     1.41873e-07     1.33657e-07     8.94688e-08     2.82051e-07      9.3536e-07     1.30785e-07      3.3438e-06 

 ***  IVARS_UL(H) - Upper Limits on Integrated Variograms: 
         H        factor#1        factor#2        factor#3        -------> 
       0.1     2.63984e-10     8.19019e-08     3.92792e-08     2.61213e-08     3.97846e-09     6.77618e-09     1.66246e-08     3.52783e-09     2.02667e-09      2.6383e-09     3.55144e-09     7.54847e-09     5.47352e-09     1.97035e-08     2.58222e-09     6.32437e-08 
       0.3     4.99886e-09     9.23146e-07     6.27409e-07     4.34175e-07     6.35495e-08     9.42444e-08     3.00906e-07      6.6243e-08     3.61353e-08      5.0082e-08     6.56559e-08     1.29505e-07     1.01327e-07     3.50237e-07     4.84857e-08     1.13219e-06 
       0.5     2.22918e-08     3.18594e-06     2.63183e-06     1.79029e-06      2.5405e-07     3.15311e-07     1.28348e-06     2.92762e-07     1.54383e-07     2.23346e-07     2.88216e-07     5.12405e-07     4.41955e-07     1.51628e-06     2.14086e-07     4.87946e-06 

 ***  VARS-TO_LL - Lower Limits on Sobol Total-Order Effects calculated through VARS: 
                  factor#1        factor#2        factor#3        -------> 
                0.00118139        0.167506       0.0482677       0.0873539       0.0136644       0.0107287       0.0695838       0.0147133      0.00479689       0.0128181       0.0119664      0.00698775        0.024982       0.0827271       0.0116339        0.289742 

 ***  VARS-TO_UL - Lower Limits on Sobol Total-Order Effects calculated through VARS: 
                  factor#1        factor#2        factor#3        -------> 
                0.00199671        0.260182        0.223055        0.154511         0.02128       0.0242101        0.112697       0.0263512       0.0133974       0.0201804       0.0257682       0.0422487        0.039277        0.135088       0.0191161        0.427411 

 ***  Reliability Estimates of Factor Rankings based on IVARS: 
         H        factor#1        factor#2        factor#3        -------> 
       0.1               1           0.568           0.235           0.573           0.598           0.269           0.626           0.321           0.939           0.369           0.366            0.31           0.557           0.568            0.43            0.57 
       0.3               1           0.961            0.22            0.58           0.268           0.376           0.609           0.191           0.945           0.453           0.317           0.334           0.673           0.536           0.519           0.984 
       0.5               1           0.952            0.19           0.541           0.299           0.111           0.609           0.271           0.943           0.494           0.199           0.352           0.758           0.482           0.573               1 

 ***  Reliability Estimates of Factor Rankings based on VARS-TO: 
                  factor#1        factor#2        factor#3        -------> 
                         1           0.947           0.167           0.518           0.272           0.109           0.608           0.323           0.934             0.4           0.243           0.317           0.801            0.41           0.518               1 

 ***  Factor Grouping based on VARS-TO & IVARS50: 
                  factor#1        factor#2        factor#3        -------> 
 VARS-TO              2               3               1               1               4               4               1               4               4               4               4               4               4               1               4               3 
 IVARS50              2               1               3               3               4               4               3               4               4               4               4               4               4               3               4               1 

 ***  Reliability Estimates of Rankings based on Factor Grouping: 
                  factor#1        factor#2        factor#3        -------> 
 VARS-TO              1           0.947           0.946               1               1               1               1               1               1               1               1           0.999               1               1               1               1 
 IVARS50              1           0.988           0.973               1               1           0.997           0.999               1               1               1               1           0.988               1               1               1           0.999 
