 -------- Variogram Analysis of Response Surfaces (VARS) Output File -------- 
 VARS settings: 
 Target Number of Stars = 100 
 Current Number of Stars = 40 
 minimum h = 0.1 
 Bootstrap Size = 1000 
 Bootstrap Confidence Level = 0.9 

 ***  gamma(h) - Directional Variograms: 
         h        factor#1        factor#2        factor#3        -------> 
       0.1     3.99446e-09     5.26115e-07     6.13555e-07     3.93374e-07     4.53906e-08     4.04094e-08     2.74361e-07     5.71939e-08     1.29732e-08     4.39903e-08     5.28841e-08     2.83468e-08     8.87747e-08     3.17979e-07     4.22358e-08     1.08442e-06 
       0.2     1.60673e-08     2.03453e-06     2.11205e-06     1.46985e-06     1.81384e-07     1.60499e-07     1.06481e-06     2.26637e-07     5.09945e-08     1.75898e-07     2.09441e-07      9.8966e-08     3.51296e-07      1.2104e-06     1.68649e-07     4.20355e-06 
       0.3        3.63e-08     4.51252e-06     4.47777e-06     3.14186e-06      4.0729e-07     3.58205e-07     2.32706e-06     5.06308e-07     1.13133e-07     3.95546e-07     4.67664e-07     1.98514e-07     7.75893e-07     2.62899e-06     3.78863e-07     9.40979e-06 
       0.4      6.4647e-08     7.94677e-06     7.84095e-06     5.38696e-06      7.2252e-07     6.31492e-07     4.02445e-06     8.95514e-07     1.98964e-07     7.02553e-07     8.26702e-07     3.23692e-07     1.35283e-06     4.59356e-06     6.72698e-07     1.63933e-05 
       0.5     1.00894e-07       1.233e-05      1.2058e-05     8.21342e-06     1.12661e-06     9.79331e-07     6.15431e-06     1.39475e-06     3.08525e-07     1.09621e-06     1.28667e-06     4.77118e-07     2.07157e-06     7.10499e-06     1.05023e-06     2.50874e-05 
       0.6     1.44658e-07     1.76251e-05      1.6626e-05     1.16467e-05     1.61793e-06     1.40147e-06     8.75334e-06     2.00568e-06     4.42287e-07     1.57553e-06     1.84866e-06     6.65334e-07      2.9384e-06     1.01747e-05     1.51172e-06     3.57421e-05 
       0.7     1.95415e-07     2.37692e-05     1.92116e-05     1.57343e-05     2.19482e-06     1.89785e-06     1.18713e-05     2.73124e-06     6.01156e-07     2.13956e-06     2.51486e-06     8.99595e-07     3.96259e-06     1.38194e-05     2.05752e-06     4.79833e-05 
       0.8      2.5258e-07     3.07092e-05     2.23549e-05     2.05679e-05     2.85874e-06      2.4684e-06     1.55464e-05     3.57584e-06     7.86492e-07     2.78777e-06     3.28889e-06     1.19817e-06     5.14635e-06      1.8081e-05     2.68784e-06     6.12559e-05 
       0.9     3.15633e-07     3.85574e-05     2.58041e-05     2.63178e-05     3.61177e-06     3.11417e-06     1.98171e-05     4.54583e-06     1.00016e-06     3.52022e-06     4.17628e-06     1.58668e-06      6.4904e-06     2.30582e-05     3.40247e-06     7.74163e-05 

 ***  COV(h) - Directional Covariograms: 
         h        factor#1        factor#2        factor#3        -------> 
       0.1     4.50897e-05     2.97878e-05     8.23861e-05     3.72759e-05     4.27935e-05      4.2666e-05     3.66269e-05     4.55362e-05     4.50393e-05     4.50999e-05     4.60718e-05     4.77187e-05     4.20101e-05     4.71367e-05      4.8956e-05     3.37589e-05 
       0.2     4.50642e-05     2.75448e-05      8.0589e-05     3.58903e-05     4.26184e-05     4.24649e-05     3.54158e-05     4.52408e-05     4.50023e-05     4.48877e-05     4.58033e-05     4.76818e-05     4.16125e-05     4.57452e-05     4.87833e-05     2.93663e-05 
       0.3     4.50432e-05     2.50521e-05     7.78726e-05     3.42425e-05     4.23933e-05     4.22686e-05     3.41814e-05     4.49628e-05     4.49403e-05     4.46672e-05     4.55464e-05     4.75848e-05     4.11945e-05     4.43332e-05     4.85738e-05     2.41274e-05 
       0.4     4.50276e-05     2.23563e-05     7.35645e-05     3.23368e-05     4.21181e-05     4.20767e-05     3.29288e-05     4.47012e-05     4.48538e-05     4.44397e-05     4.53006e-05     4.74284e-05     4.07573e-05     4.28719e-05     4.83268e-05     1.85741e-05 
       0.5     4.50178e-05     1.94639e-05     7.13199e-05     3.01676e-05     4.17966e-05     4.18889e-05     3.16483e-05     4.44552e-05     4.47426e-05     4.42061e-05     4.50657e-05     4.72101e-05     4.03068e-05     4.14102e-05     4.80422e-05     1.26001e-05 
       0.6     4.50137e-05     1.64051e-05     6.97106e-05     2.77201e-05     4.14291e-05     4.17069e-05     3.03235e-05     4.42243e-05     4.46063e-05     4.39668e-05     4.48412e-05     4.69245e-05     3.98425e-05     3.99152e-05     4.77202e-05      6.0255e-06 
       0.7     4.50147e-05     1.32262e-05     6.65638e-05     2.49721e-05     4.10144e-05     4.15337e-05     2.89511e-05     4.40075e-05     4.44444e-05     4.37216e-05     4.46267e-05     4.65635e-05     3.93679e-05     3.83197e-05     4.73613e-05     -6.1199e-07 
       0.8     4.50198e-05     9.94283e-06     6.37305e-05     2.18964e-05     4.05581e-05     4.13715e-05     2.75443e-05     4.38042e-05     4.42561e-05     4.34693e-05     4.44217e-05     4.61151e-05     3.88904e-05     3.66728e-05     4.69666e-05    -7.09821e-06 
       0.9      4.5028e-05     6.55596e-06     6.09777e-05     1.84688e-05     4.00699e-05     4.12106e-05     2.60976e-05     4.36135e-05     4.40401e-05     4.32078e-05      4.4225e-05     4.55622e-05     3.84033e-05     3.50024e-05     4.65378e-05    -1.41313e-05 

 ***  ECOV(h) - Directional Expected Covariograms: 
         h        factor#1        factor#2        factor#3        -------> 
       0.1     5.16653e-08     6.26459e-06     5.84621e-06     4.12225e-06     5.77139e-07     5.00011e-07     3.12378e-06     7.14185e-07     1.57385e-07     5.61753e-07     6.58288e-07     2.32668e-07     1.05247e-06     3.61164e-06     5.38876e-07     1.27175e-05 
       0.2     3.42554e-08     4.12236e-06     3.95387e-06     2.64603e-06      3.8176e-07     3.28787e-07     2.01909e-06     4.71158e-07     1.03321e-07     3.71776e-07     4.34061e-07      1.4163e-07     6.83011e-07     2.35528e-06     3.56526e-07     8.38388e-06 
       0.3     1.38585e-08     1.64212e-06      1.4652e-06     1.01034e-06     1.55628e-07     1.31545e-07     7.78869e-07     1.92894e-07     4.17182e-08     1.52012e-07      1.7709e-07     4.86736e-08     2.62949e-07     9.49397e-07     1.46469e-07     3.14118e-06 
       0.4    -9.30158e-09    -1.15473e-06    -1.81388e-06    -7.93597e-07    -1.00474e-07    -9.01614e-08    -5.84721e-07     -1.2128e-07     -2.7527e-08    -9.70162e-08    -1.12971e-07    -4.91359e-08     -2.0456e-07    -6.33779e-07    -9.12947e-08    -2.55485e-06 
       0.5    -3.49622e-08     -4.2557e-06    -4.94295e-06    -2.77493e-06    -3.85328e-07    -3.35509e-07    -2.07966e-06    -4.72094e-07    -1.04549e-07    -3.74516e-07    -4.36431e-07    -1.54972e-07    -7.12776e-07    -2.39676e-06    -3.56901e-07    -8.68938e-06 
       0.6    -6.28457e-08    -7.62749e-06    -7.87903e-06    -4.94053e-06    -6.97786e-07    -6.03909e-07    -3.72631e-06    -8.60393e-07    -1.89502e-07    -6.79595e-07    -7.93657e-07      -2.718e-07    -1.26381e-06    -4.34375e-06    -6.50509e-07    -1.55047e-05 
       0.7    -9.26774e-08    -1.12158e-05    -9.36185e-06    -7.29451e-06    -1.03734e-06    -8.94524e-07    -5.53633e-06    -1.28719e-06    -2.82554e-07    -1.01153e-06    -1.18516e-06    -4.02543e-07    -1.85723e-06    -6.47491e-06    -9.72214e-07     -2.2609e-05 
       0.8    -1.24209e-07    -1.49655e-05    -1.10434e-05    -9.83897e-06    -1.40489e-06    -1.20643e-06    -7.50869e-06    -1.75374e-06    -3.83872e-07    -1.36998e-06     -1.6117e-06    -5.49825e-07    -2.48959e-06    -8.80262e-06    -1.32191e-06    -2.96157e-05 
       0.9    -1.57249e-07    -1.89311e-05    -1.27918e-05    -1.25735e-05     -1.8017e-06    -1.53974e-06    -9.65384e-06    -2.26169e-06    -4.93619e-07    -1.75494e-06    -2.07443e-06     -7.1435e-07    -3.17366e-06    -1.13424e-05    -1.69922e-06    -3.76535e-05 

 ***  IVARS(H) - Integrated Variograms: 
         H        factor#1        factor#2        factor#3        -------> 
       0.1     1.99723e-10     2.63058e-08     3.06778e-08     1.96687e-08     2.26953e-09     2.02047e-09      1.3718e-08      2.8597e-09      6.4866e-10     2.19952e-09     2.64421e-09     1.41734e-09     4.43873e-09      1.5899e-08     2.11179e-09      5.4221e-08 
       0.3     3.82118e-09     4.81691e-07     4.96449e-07     3.43416e-07     4.30419e-08     3.80011e-08      2.5027e-07     5.36985e-08     1.20534e-08     4.17661e-08     4.96157e-08      2.2657e-08     8.28016e-08     2.84287e-07     4.00316e-08     9.99287e-07 
       0.5     1.71456e-08     2.11849e-06     2.10733e-06     1.44988e-06     1.91989e-07     1.68027e-07     1.07678e-06     2.38303e-07     5.30327e-08     1.86609e-07     2.20003e-07     8.88078e-08     3.60458e-07     1.23034e-06     1.78756e-07     4.36347e-06 

 ***  Factor Rankings based on IVARS: 
         H        factor#1        factor#2        factor#3        -------> 
       0.1              16               3               2               4              10              13               6               8              15              11               9              14               7               5              12               1 
       0.3              16               3               2               4              10              13               6               8              15              11               9              14               7               5              12               1 
       0.5              16               2               3               4              10              13               6               8              15              11               9              14               7               5              12               1 

 ***  VARS-TO - Sobol Total-Order Effects calculated through VARS: 
                  factor#1        factor#2        factor#3        -------> 
                0.00121666        0.148437        0.141203       0.0987061       0.0136078        0.011813       0.0742793       0.0168614      0.00372382       0.0132408       0.0155454      0.00570548       0.0249463       0.0858967       0.0127024        0.301693 

 ***  Factor Rankings based on VARS-TO: 
                  factor#1        factor#2        factor#3        -------> 
                        16               2               3               4              10              13               6               8              15              11               9              14               7               5              12               1 

 ***  VARS-ABE - Morris mean ABsolute Elementary effects across scales: 
   delta x        factor#1        factor#2        factor#3        -------> 
       0.1     7.16249e-05     0.000820785     0.000484459     0.000644307     0.000233698     0.000222288     0.000563424     0.000240506     0.000118339     0.000229909     0.000202674      0.00012918     0.000315599     0.000595282     0.000219511      0.00117191 
       0.2     0.000143901      0.00161782     0.000973739      0.00127142     0.000467926     0.000443419      0.00111237     0.000480053     0.000235835     0.000459789     0.000404019     0.000250947     0.000629449      0.00116485     0.000438253      0.00233527 
       0.3     0.000216648      0.00240998      0.00148009      0.00188892      0.00070096     0.000661787      0.00165106     0.000719139     0.000352855     0.000689332      0.00060466     0.000368235     0.000936769      0.00171391     0.000656445      0.00350228 
       0.4     0.000289516      0.00320768      0.00200385      0.00250425     0.000934449     0.000877256      0.00217833     0.000958143     0.000469759      0.00091875     0.000805147     0.000484296      0.00123938      0.00226743     0.000874243      0.00462158 
       0.5     0.000362174      0.00400379      0.00251256      0.00312442      0.00116825       0.0010883       0.0027057      0.00119739     0.000586901      0.00114775      0.00100578     0.000602048      0.00153594      0.00282317      0.00109169       0.0057127 
       0.6     0.000434275      0.00479317      0.00299416      0.00375638      0.00140034      0.00129661      0.00323253      0.00143721     0.000704638      0.00137556      0.00120705     0.000724391      0.00182377      0.00337926      0.00130969      0.00679937 
       0.7     0.000505495      0.00557676      0.00339135      0.00440747      0.00162962      0.00150216      0.00376792      0.00167799     0.000823329      0.00160303      0.00140971     0.000854539      0.00211376      0.00393204      0.00152797      0.00785747 
       0.8     0.000575555      0.00634604      0.00379306      0.00508566      0.00185788      0.00170583      0.00431297      0.00192021      0.00094334      0.00182955      0.00161435     0.000995705      0.00240434      0.00447955      0.00174596      0.00885211 
       0.9     0.000644259      0.00711537        0.004193      0.00579877      0.00208636      0.00190931      0.00484832      0.00216455      0.00106505      0.00205455      0.00182184      0.00114991      0.00269441      0.00506921      0.00196309      0.00993927 

 ***  VARS-ACE - Morris mean ACtual Elementary effects across scales: 
   delta x        factor#1        factor#2        factor#3        -------> 
       0.1     7.15843e-05    -0.000790597    -0.000465889    -0.000644307    -0.000231344     0.000211498     0.000513127     0.000240506     0.000118339     0.000226603     0.000201295     0.000124104      0.00028769     0.000554795      -0.0002159     -0.00107736 
       0.2     0.000143889     -0.00158651    -0.000948266     -0.00127142    -0.000463323     0.000423165      0.00102142     0.000480053     0.000235835      0.00045332     0.000401401     0.000240966     0.000572477      0.00110856    -0.000430926     -0.00215001 
       0.3     0.000216641     -0.00239004     -0.00145344     -0.00188892    -0.000696528     0.000634479      0.00152779     0.000719139     0.000352855      0.00068013     0.000600975     0.000353536     0.000858803       0.0016664    -0.000645352     -0.00326638 
       0.4     0.000289516     -0.00319108     -0.00199611     -0.00250425    -0.000930647     0.000845525      0.00203424     0.000958143     0.000469759     0.000906987      0.00080047     0.000465182      0.00114589      0.00223137    -0.000859584     -0.00437551 
       0.5     0.000362174     -0.00398964     -0.00250963     -0.00312442     -0.00116426      0.00105666        0.002542      0.00119739     0.000586901       0.0011338      0.00100025     0.000578946      0.00143398      0.00279282      -0.0010741     -0.00546728 
       0.6     0.000434275     -0.00478662     -0.00299416     -0.00375638     -0.00139597      0.00126829      0.00305136      0.00143721     0.000704638      0.00136048      0.00120071     0.000697773      0.00171883      0.00334705     -0.00128938     -0.00656327 
       0.7     0.000505495     -0.00557676     -0.00339135     -0.00440747     -0.00162523      0.00148045      0.00356485      0.00167799     0.000823329      0.00158697      0.00140228     0.000824916      0.00200387      0.00388828     -0.00150582     -0.00762155 
       0.8     0.000575555     -0.00634604     -0.00379306     -0.00508566     -0.00185329      0.00169266       0.0040857      0.00192021      0.00094334      0.00181328       0.0016056     0.000963864      0.00228991      0.00443423     -0.00172371     -0.00860002 
       0.9     0.000644259     -0.00711537       -0.004193     -0.00579877      -0.0020821      0.00190348      0.00461814      0.00216455      0.00106505      0.00203942      0.00181165      0.00111693      0.00258921      0.00499315      -0.0019431     -0.00969622 

 ********         Bootstrapping Results        ******** 
 ***  gamma_LL(h) - Lower Limits on Directional Variograms: 
         h        factor#1        factor#2        factor#3        -------> 
       0.1     2.69156e-09     3.69007e-07     1.01529e-07     2.68755e-07     2.88644e-08     2.64764e-08     1.83457e-07      3.1859e-08     7.80052e-09     2.75335e-08       2.399e-08     1.42228e-08     5.43801e-08     1.94232e-07     2.51385e-08     7.72612e-07 
       0.2     1.08447e-08     1.41905e-06     4.03657e-07     1.00663e-06     1.15277e-07     1.04203e-07     7.12144e-07       1.263e-07     3.09086e-08      1.1017e-07     9.47012e-08     5.07021e-08     2.16717e-07     7.23957e-07     1.00131e-07     2.98312e-06 
       0.3     2.44967e-08     3.14079e-06     9.03298e-07     2.12173e-06      2.5867e-07     2.31367e-07      1.5339e-06     2.82285e-07     6.86898e-08     2.47773e-07     2.11745e-07     1.03912e-07     4.78879e-07     1.54226e-06     2.24718e-07     6.69729e-06 
       0.4     4.36785e-08     5.51314e-06     1.59729e-06     3.54736e-06     4.58457e-07     4.05512e-07     2.63368e-06     4.98519e-07     1.20616e-07     4.39991e-07     3.74682e-07     1.70176e-07     8.31201e-07     2.68971e-06     3.98917e-07     1.16631e-05 
       0.5      6.8305e-08     8.55473e-06     2.48478e-06     5.40322e-06     7.14096e-07     6.26519e-07     3.95076e-06     7.75674e-07     1.87702e-07     6.86366e-07     5.83411e-07     2.52889e-07     1.27288e-06      4.1481e-06     6.22201e-07     1.77931e-05 
       0.6     9.76655e-08     1.21984e-05     3.56199e-06     7.65572e-06     1.02144e-06     8.86403e-07     5.58526e-06      1.1149e-06     2.69142e-07      9.8641e-07     8.38074e-07     3.56129e-07      1.7895e-06     5.93082e-06      8.9446e-07     2.51625e-05 
       0.7     1.31749e-07     1.64126e-05     4.84497e-06     1.03523e-05     1.38033e-06     1.20374e-06     7.55185e-06     1.51822e-06      3.6562e-07     1.33784e-06     1.13917e-06     4.82145e-07     2.40094e-06     8.03874e-06     1.21588e-06     3.34821e-05 
       0.8     1.70461e-07     2.11615e-05     6.33935e-06     1.36224e-05     1.79448e-06     1.56056e-06     9.86328e-06     1.98883e-06     4.79148e-07      1.7375e-06     1.48782e-06     6.43376e-07     3.08028e-06     1.04761e-05     1.58812e-06     4.23594e-05 
       0.9     2.11777e-07     2.64461e-05      8.0296e-06     1.75729e-05     2.26158e-06     1.95734e-06     1.25313e-05     2.53157e-06     6.10177e-07      2.1926e-06     1.88614e-06     8.51987e-07     3.87314e-06     1.32837e-05     2.01249e-06     5.33569e-05 

 ***  gamma_UL(h) - Upper Limits on Directional Variograms: 
         h        factor#1        factor#2        factor#3        -------> 
       0.1     5.38755e-09     7.06052e-07     1.49241e-06     5.36785e-07     6.48791e-08      5.7436e-08     3.73278e-07     8.83024e-08     1.87971e-08     6.31809e-08     8.80557e-08     4.52726e-08     1.25971e-07     4.59872e-07     6.25869e-08      1.4452e-06 
       0.2     2.16523e-08     2.75367e-06     4.97175e-06     2.01581e-06     2.59236e-07     2.29023e-07     1.45407e-06     3.49434e-07     7.39185e-08     2.52192e-07      3.4875e-07     1.54815e-07     4.99333e-07     1.77162e-06     2.49835e-07     5.57666e-06 
       0.3     4.89305e-08     6.12953e-06     1.04031e-05     4.35633e-06     5.82426e-07     5.13141e-07     3.18934e-06     7.79312e-07     1.63143e-07     5.67132e-07     7.78233e-07     3.04544e-07     1.10928e-06     3.89265e-06     5.61154e-07      1.2513e-05 
       0.4     8.74796e-08     1.08223e-05     1.81795e-05     7.56699e-06     1.03394e-06     9.02709e-07     5.53976e-06     1.37687e-06     2.87654e-07     1.00709e-06     1.37473e-06     4.88555e-07      1.9409e-06     6.82819e-06     9.96346e-07     2.19247e-05 
       0.5       1.365e-07      1.6821e-05     2.78662e-05     1.16708e-05     1.61293e-06     1.39914e-06     8.49997e-06     2.14335e-06     4.47715e-07     1.57157e-06      2.1388e-06     7.17262e-07     2.98869e-06     1.05667e-05     1.55569e-06     3.36306e-05 
       0.6      1.9564e-07     2.40826e-05     3.79327e-05     1.65798e-05     2.31626e-06     2.01014e-06      1.2117e-05     3.08241e-06     6.40668e-07     2.25972e-06     3.07289e-06     1.00086e-06     4.25056e-06     1.51425e-05     2.23991e-06     4.81221e-05 
       0.7     2.63935e-07     3.25512e-05     4.13401e-05     2.23592e-05     3.14052e-06     2.73109e-06      1.6498e-05     4.20019e-06     8.70843e-07     3.07113e-06     4.18172e-06      1.3532e-06     5.75099e-06     2.06088e-05     3.05005e-06     6.47944e-05 
       0.8     3.43126e-07     4.21507e-05     4.56564e-05     2.90435e-05     4.09022e-06     3.56207e-06     2.16185e-05     5.50567e-06     1.13872e-06     4.00667e-06     5.47299e-06     1.79873e-06     7.48344e-06     2.70696e-05     3.98726e-06     8.32076e-05 
       0.9     4.29116e-07     5.30732e-05      5.0272e-05     3.69657e-05     5.16831e-06     4.50655e-06      2.7573e-05     7.00808e-06      1.4483e-06     5.06699e-06     6.95856e-06     2.38232e-06     9.46664e-06     3.46965e-05      5.0525e-06     0.000105591 

 ***  IVARS_LL(H) - Lower Limits on Integrated Variograms: 
         H        factor#1        factor#2        factor#3        -------> 
       0.1     1.34578e-10     1.84503e-08     5.07644e-09     1.34378e-08     1.44322e-09     1.32382e-09     9.17285e-09     1.59295e-09     3.90026e-10     1.37667e-09      1.1995e-09     7.11141e-10     2.71901e-09     9.71158e-09     1.25693e-09     3.86306e-08 
       0.3     2.57894e-09     3.35351e-07     9.56693e-08     2.34461e-07     2.73441e-08     2.46821e-08     1.66255e-07     2.99442e-08     7.32855e-09      2.6159e-08     2.24452e-08     1.17785e-08     5.12939e-08     1.68971e-07     2.37553e-08     7.10271e-07 
       0.5     1.15652e-08     1.46871e-06     4.24843e-07     9.61825e-07     1.21828e-07       1.079e-07     7.05494e-07     1.32734e-07      3.2175e-08     1.16865e-07     9.96712e-08     4.65206e-08     2.21883e-07     7.19648e-07     1.06024e-07     3.09748e-06 

 ***  IVARS_UL(H) - Upper Limits on Integrated Variograms: 
         H        factor#1        factor#2        factor#3        -------> 
       0.1     2.69378e-10     3.53026e-08     7.46206e-08     2.68393e-08     3.24396e-09      2.8718e-09     1.86639e-08     4.41512e-09     9.39853e-10     3.15904e-09     4.40279e-09     2.26363e-09     6.29853e-09     2.29936e-08     3.12934e-09     7.22601e-08 
       0.3     5.13834e-09      6.5246e-07     1.16705e-06     4.70821e-07     6.15328e-08     5.43508e-08     3.42798e-07     8.27477e-08     1.74376e-08     5.98786e-08     8.26202e-08     3.51766e-08     1.18008e-07     4.17707e-07     5.92998e-08     1.32995e-06 
       0.5     2.31569e-08     2.88133e-06     4.89846e-06     2.02869e-06     2.74725e-07     2.40326e-07     1.48385e-06     3.66568e-07     7.66669e-08     2.67589e-07     3.65948e-07     1.35222e-07     5.16821e-07     1.82353e-06     2.64777e-07     5.83813e-06 

 ***  VARS-TO_LL - Lower Limits on Sobol Total-Order Effects calculated through VARS: 
                  factor#1        factor#2        factor#3        -------> 
               0.000821802        0.102786       0.0300683       0.0650039      0.00861767      0.00751578       0.0478285      0.00937517      0.00226874      0.00829131      0.00704667      0.00303029       0.0153016        0.050086      0.00751985         0.21301 

 ***  VARS-TO_UL - Lower Limits on Sobol Total-Order Effects calculated through VARS: 
                  factor#1        factor#2        factor#3        -------> 
                0.00164537         0.20262        0.323074        0.140211       0.0194788       0.0169076        0.102655       0.0259163       0.0053919       0.0189946       0.0258415      0.00857991       0.0360345        0.127734        0.018819        0.404734 

 ***  Reliability Estimates of Factor Rankings based on IVARS: 
         H        factor#1        factor#2        factor#3        -------> 
       0.1               1           0.602           0.462           0.458           0.474           0.471           0.581           0.569           0.995           0.433            0.39           0.788           0.983           0.611            0.37           0.875 
       0.3               1           0.497           0.418           0.466           0.475           0.516           0.576           0.582           0.994           0.449            0.39           0.904           0.986           0.606           0.419           0.932 
       0.5               1           0.546           0.183           0.464            0.47            0.55           0.579           0.583           0.981           0.465           0.387            0.94           0.983           0.585           0.438           0.946 

 ***  Reliability Estimates of Factor Rankings based on VARS-TO: 
                  factor#1        factor#2        factor#3        -------> 
                         1           0.615           0.244           0.425           0.465           0.565           0.589           0.582            0.96            0.45           0.385           0.938           0.982           0.542           0.434           0.957 

 ***  Factor Grouping based on VARS-TO & IVARS50: 
                  factor#1        factor#2        factor#3        -------> 
 VARS-TO              3               2               2               2               1               1               2               1               3               1               1               3               1               2               1               2 
 IVARS50              3               2               2               2               1               1               2               1               3               1               1               3               1               2               1               2 

 ***  Reliability Estimates of Rankings based on Factor Grouping: 
                  factor#1        factor#2        factor#3        -------> 
 VARS-TO              1               1               1               1               1           0.995               1               1               1               1            0.99           0.978               1               1           0.993               1 
 IVARS50              1               1           0.998               1               1           0.923               1               1               1               1            0.95           0.793           0.998               1            0.92               1 
