 -------- Variogram Analysis of Response Surfaces (VARS) Output File -------- 
 VARS settings: 
 Target Number of Stars = 100 
 Current Number of Stars = 50 
 minimum h = 0.1 
 Bootstrap Size = 1000 
 Bootstrap Confidence Level = 0.9 

 ***  gamma(h) - Directional Variograms: 
         h        factor#1        factor#2        factor#3        -------> 
       0.1     4.74673e-09     7.66941e-07     5.22281e-07     4.59174e-07     6.84295e-08     9.81174e-08     2.67109e-07     5.60579e-08     2.73826e-08     4.50693e-08     5.77371e-08     1.00051e-07     9.84168e-08     3.37885e-07     4.60239e-08     1.00522e-06 
       0.2     1.89629e-08     2.53283e-06     1.80995e-06     1.66536e-06     2.43724e-07     3.29904e-07     1.04034e-06     2.22182e-07      1.0594e-07     1.79878e-07     2.27689e-07     3.76991e-07     3.84246e-07     1.29891e-06     1.80291e-07     3.91041e-06 
       0.3     4.25301e-08      4.9006e-06     3.84173e-06     3.52997e-06     5.09854e-07     5.93484e-07     2.28039e-06     4.96405e-07     2.31263e-07     4.03644e-07     5.06189e-07     7.71206e-07     8.39937e-07     2.83571e-06     3.98139e-07     8.75823e-06 
       0.4     7.53178e-08     8.27018e-06     6.71579e-06     5.99712e-06     8.58297e-07     9.30525e-07     3.95642e-06     8.78007e-07     4.00456e-07      7.1562e-07     8.91518e-07     1.26148e-06     1.45555e-06     4.96083e-06     6.94485e-07     1.52632e-05 
       0.5     1.17151e-07     1.25213e-05       1.032e-05     9.05821e-06     1.28158e-06     1.30628e-06     6.05335e-06     1.36733e-06     6.12672e-07     1.11585e-06     1.38501e-06     1.85321e-06     2.22674e-06     7.67852e-06     1.06671e-06     2.33143e-05 
       0.6     1.67733e-07     1.75926e-05     1.42637e-05     1.27327e-05     1.77865e-06     1.72576e-06     8.56563e-06     1.96581e-06     8.69365e-07     1.60497e-06     1.99117e-06     2.56805e-06      3.1463e-06     1.10062e-05     1.51429e-06     3.31196e-05 
       0.7     2.26684e-07     2.34683e-05     1.66841e-05     1.70746e-05     2.35899e-06     2.17489e-06     1.15098e-05     2.67621e-06     1.17408e-06     2.18355e-06     2.71582e-06     3.44671e-06     4.20081e-06     1.49637e-05     2.03928e-06     4.43375e-05 
       0.8     2.93611e-07     3.00554e-05     1.95768e-05     2.21268e-05     3.04681e-06      2.4962e-06     1.49317e-05     3.50303e-06     1.53203e-06     2.85062e-06     3.56394e-06      4.5371e-06     5.39547e-06     1.95752e-05     2.64686e-06     5.64367e-05 
       0.9     3.68082e-07     3.76919e-05     2.26848e-05     2.72328e-05     3.88754e-06      2.9142e-06     1.88948e-05     4.45266e-06     1.95004e-06     3.60366e-06      4.5406e-06     5.70651e-06      6.7435e-06     2.48157e-05     3.33969e-06     7.09086e-05 

 ***  COV(h) - Directional Covariograms: 
         h        factor#1        factor#2        factor#3        -------> 
       0.1     4.08086e-05     2.84627e-05     7.08874e-05     3.33693e-05     3.96988e-05     3.95858e-05     3.25721e-05     4.14635e-05     4.06309e-05     4.07911e-05     4.13146e-05     4.37461e-05     3.86949e-05     4.71308e-05     4.39725e-05     3.09982e-05 
       0.2     4.07845e-05     2.60209e-05     6.93286e-05     3.17333e-05     3.95046e-05     3.92782e-05     3.14073e-05     4.11833e-05      4.0541e-05     4.05762e-05     4.10264e-05     4.34104e-05     3.82735e-05     4.56227e-05      4.3808e-05     2.69082e-05 
       0.3     4.07605e-05     2.35641e-05     6.70139e-05     2.98843e-05     3.92457e-05     3.89804e-05     3.01844e-05     4.09112e-05     4.04181e-05     4.03514e-05     4.07498e-05     4.30365e-05     3.78127e-05     4.40939e-05     4.35943e-05     2.20228e-05 
       0.4     4.07372e-05     2.09087e-05     6.34112e-05     2.78089e-05      3.8923e-05     3.87231e-05     2.89145e-05     4.06457e-05     4.02625e-05     4.01184e-05     4.04845e-05     4.26094e-05     3.73266e-05     4.25165e-05     4.33308e-05     1.68197e-05 
       0.5     4.07152e-05     1.81453e-05     6.14447e-05     2.55065e-05     3.85442e-05     3.85092e-05     2.76124e-05     4.03861e-05     4.00747e-05     3.98764e-05     4.02287e-05     4.21177e-05     3.68333e-05     4.09186e-05     4.30189e-05     1.12608e-05 
       0.6     4.06943e-05     1.53056e-05     5.99576e-05     2.29701e-05     3.81139e-05     3.83325e-05     2.62923e-05     4.01323e-05     3.98545e-05     3.96247e-05      3.9979e-05     4.15529e-05     3.63307e-05     3.92705e-05     4.26618e-05     5.19377e-06 
       0.7     4.06741e-05      1.2336e-05     5.72019e-05     2.01746e-05     3.76307e-05     3.82043e-05     2.49581e-05     3.98843e-05     3.96019e-05     3.93622e-05     3.97326e-05     4.09051e-05       3.581e-05     3.75244e-05     4.22636e-05    -9.09722e-07 
       0.8     4.06541e-05     9.06258e-06     5.46925e-05     1.71021e-05     3.70889e-05     3.81488e-05     2.36066e-05     3.96421e-05     3.93169e-05     3.90863e-05     3.94882e-05     4.01678e-05     3.52741e-05     3.57241e-05     4.18277e-05    -6.83585e-06 
       0.9     4.06347e-05      5.9078e-06     5.22756e-05     1.39579e-05     3.64655e-05     3.80858e-05     2.22096e-05     3.94058e-05     3.89989e-05     3.87933e-05     3.92452e-05     3.93874e-05     3.47177e-05      3.3937e-05     4.13495e-05    -1.31891e-05 

 ***  ECOV(h) - Directional Expected Covariograms: 
         h        factor#1        factor#2        factor#3        -------> 
       0.1     5.98629e-08     6.22231e-06     5.02261e-06     4.55492e-06     6.26815e-07     6.51936e-07      3.0623e-06     7.00083e-07     3.09104e-07      5.7239e-07     7.09218e-07     9.19476e-07     1.12465e-06     3.91566e-06     5.41072e-07     1.18178e-05 
       0.2     3.94984e-08     3.87553e-06     3.38155e-06     2.85978e-06     3.95456e-07     3.73223e-07     1.98811e-06     4.61861e-07     2.00076e-07      3.7815e-07     4.66078e-07     5.49636e-07     7.28144e-07     2.55246e-06     3.52782e-07     7.78214e-06 
       0.3     1.58594e-08     1.44119e-06      1.2517e-06     1.03026e-06     1.37685e-07     6.87083e-08     7.58503e-07     1.88958e-07      7.7145e-08     1.54582e-07     1.89776e-07     1.78594e-07     2.73826e-07     1.02752e-06     1.36229e-07      2.8883e-06 
       0.4    -1.08525e-08    -1.30747e-06    -1.51758e-06     -9.6073e-07    -1.44553e-07    -2.17606e-07    -6.06559e-07     -1.1918e-07    -5.92362e-08    -9.78645e-08    -1.20264e-07    -2.08382e-07    -2.30913e-07    -6.84505e-07     -1.0482e-07    -2.43694e-06 
       0.5    -4.04288e-08     -4.2758e-06    -4.18176e-06    -3.11661e-06    -4.44276e-07    -4.83772e-07    -2.08845e-06    -4.63089e-07    -2.08818e-07    -3.79475e-07    -4.66229e-07    -6.22351e-07    -7.78171e-07    -2.59208e-06    -3.67661e-07    -8.13307e-06 
       0.6    -7.26271e-08    -7.42288e-06     -6.7154e-06    -5.43329e-06    -7.56012e-07    -7.38862e-07    -3.67818e-06    -8.43442e-07    -3.71559e-07    -6.90675e-07    -8.51091e-07    -1.07055e-06    -1.36184e-06    -4.70461e-06    -6.51169e-07    -1.44059e-05 
       0.7    -1.07187e-07    -1.07809e-05    -8.10796e-06    -7.90978e-06    -1.07891e-06    -9.78305e-07    -5.38427e-06    -1.26125e-06    -5.47518e-07    -1.03151e-06    -1.27712e-06    -1.56006e-06    -1.97104e-06    -7.02312e-06     -9.5598e-07    -2.09087e-05 
       0.8    -1.43848e-07    -1.44614e-05    -9.65154e-06    -1.05193e-05    -1.41703e-06    -1.19615e-06    -7.22098e-06    -1.71799e-06    -7.36826e-07    -1.40088e-06    -1.74508e-06    -2.08933e-06     -2.6022e-06    -9.54846e-06    -1.28391e-06    -2.73008e-05 
       0.9    -1.82352e-07    -1.81402e-05    -1.12063e-05    -1.29437e-05    -1.77174e-06    -1.43957e-06    -9.21046e-06    -2.21552e-06    -9.39874e-07    -1.79708e-06    -2.25534e-06     -2.5737e-06    -3.26542e-06    -1.22332e-05    -1.63307e-06    -3.45033e-05 

 ***  IVARS(H) - Integrated Variograms: 
         H        factor#1        factor#2        factor#3        -------> 
       0.1     2.37336e-10     3.83471e-08      2.6114e-08     2.29587e-08     3.42148e-09     4.90587e-09     1.33554e-08     2.80289e-09     1.36913e-09     2.25346e-09     2.88685e-09     5.00256e-09     4.92084e-09     1.68943e-08      2.3012e-09     5.02608e-08 
       0.3     4.49747e-09     5.75008e-07     4.25309e-07     3.88952e-07     5.67081e-08     7.24763e-08     2.44764e-07     5.26443e-08     2.48954e-08      4.2677e-08     5.38521e-08     8.62645e-08     9.02631e-08     3.05465e-07     4.25384e-08     9.29474e-07 
       0.5     2.00133e-08     2.27312e-06     1.80498e-06     1.61807e-06     2.32109e-07     2.60517e-07     1.05709e-06     2.33632e-07     1.07138e-07     1.90213e-07     2.37564e-07     3.43633e-07     3.89152e-07     1.32726e-06     1.85229e-07     4.05942e-06 

 ***  Factor Rankings based on IVARS: 
         H        factor#1        factor#2        factor#3        -------> 
       0.1              16               2               3               4              10               9               6              12              15              14              11               7               8               5              13               1 
       0.3              16               2               3               4              10               9               6              12              15              13              11               8               7               5              14               1 
       0.5              16               2               3               4              12               9               6              11              15              13              10               8               7               5              14               1 

 ***  VARS-TO - Sobol Total-Order Effects calculated through VARS: 
                  factor#1        factor#2        factor#3        -------> 
                0.00154634        0.167278        0.132709        0.120005       0.0166397       0.0179514       0.0796846       0.0180972      0.00805331        0.014778        0.018356       0.0244009       0.0292723        0.101802       0.0140513          0.3069 

 ***  Factor Rankings based on VARS-TO: 
                  factor#1        factor#2        factor#3        -------> 
                        16               2               3               4              12              11               6              10              15              13               9               8               7               5              14               1 

 ***  VARS-ABE - Morris mean ABsolute Elementary effects across scales: 
   delta x        factor#1        factor#2        factor#3        -------> 
       0.1     7.48906e-05     0.000891007     0.000468552      0.00066096     0.000255532     0.000252186       0.0005552     0.000241485     0.000140745     0.000234038     0.000210733     0.000177452     0.000332916     0.000616459     0.000228287      0.00112968 
       0.2     0.000150128      0.00172128     0.000936052      0.00129709     0.000504957     0.000491387      0.00109843     0.000482248     0.000280307     0.000467751     0.000420004     0.000347955     0.000662242      0.00121455     0.000453615      0.00225465 
       0.3     0.000225626      0.00248454      0.00141399      0.00192645      0.00074903     0.000713973      0.00163413      0.00072274     0.000419172     0.000700698     0.000628123     0.000510964     0.000982083      0.00179406     0.000675015      0.00338992 
       0.4     0.000301169      0.00326078      0.00190452      0.00255286     0.000988358     0.000936192      0.00216451     0.000963234     0.000557839     0.000933203     0.000835696     0.000671779      0.00129867      0.00237597     0.000893486      0.00448339 
       0.5     0.000376602      0.00402988      0.00238198      0.00318468      0.00122485      0.00114952       0.0026948      0.00120389      0.00069685      0.00116558      0.00104359     0.000835077      0.00160522      0.00296024      0.00110599      0.00554151 
       0.6     0.000451753      0.00477517       0.0028419      0.00382929      0.00145386      0.00136484      0.00321827      0.00144485     0.000836758      0.00139776      0.00125286      0.00100521      0.00190585      0.00354645      0.00131911      0.00659516 
       0.7     0.000526449      0.00551877      0.00323612      0.00449506      0.00168226      0.00156048      0.00374139      0.00168639     0.000978068      0.00163063      0.00146438       0.0011866      0.00220183      0.00413248      0.00152761      0.00760967 
       0.8     0.000600443      0.00623458       0.0036293      0.00518836       0.0019197      0.00171912      0.00426912      0.00192899      0.00112123      0.00186332      0.00167807      0.00138254      0.00249222      0.00471432      0.00173184      0.00855213 
       0.9     0.000673334       0.0069509       0.0040089      0.00587783      0.00216869      0.00187073      0.00478798      0.00217336      0.00126671      0.00209463       0.0018939      0.00158356      0.00277762      0.00531747      0.00193429      0.00955757 

 ***  VARS-ACE - Morris mean ACtual Elementary effects across scales: 
   delta x        factor#1        factor#2        factor#3        -------> 
       0.1     6.26426e-05    -0.000755689    -0.000411198    -0.000653092    -0.000240587     0.000207341     0.000475533     0.000241485     0.000140745     0.000216001     0.000209344     0.000171698     0.000286769     0.000539839    -0.000212139     -0.00102098 
       0.2     0.000125659     -0.00151004    -0.000832308     -0.00129709     -0.00047901     0.000427146     0.000942217     0.000482248     0.000280307      0.00043179     0.000417372     0.000336654     0.000569056      0.00107455    -0.000421231     -0.00203682 
       0.3     0.000188807     -0.00222978     -0.00127144     -0.00192645    -0.000717368     0.000661336      0.00140089      0.00072274     0.000419172     0.000647814      0.00062442     0.000494343     0.000849726      0.00161104    -0.000627708     -0.00309078 
       0.4     0.000251961     -0.00295551     -0.00174172     -0.00255286    -0.000956972      0.00089479      0.00185559     0.000963234     0.000557839     0.000864178     0.000830999     0.000650234      0.00112865       0.0021524    -0.000832885     -0.00413663 
       0.5     0.000315039     -0.00368636     -0.00218893     -0.00318468     -0.00119672       0.0011217      0.00231379      0.00120389      0.00069685      0.00108047      0.00103803     0.000809106      0.00140939      0.00269227     -0.00103926     -0.00516527 
       0.6     0.000377942     -0.00443327     -0.00261259     -0.00382929     -0.00143546      0.00134219      0.00278339      0.00144485     0.000836758      0.00129627       0.0012465     0.000975351      0.00169298       0.0032286     -0.00124933     -0.00620494 
       0.7     0.000440549     -0.00520281     -0.00296669     -0.00449506     -0.00167386      0.00154312      0.00326875      0.00168639     0.000978068      0.00151157      0.00145698      0.00115347      0.00198269      0.00375909     -0.00146465     -0.00721183 
       0.8     0.000502637     -0.00604018     -0.00332923     -0.00518836     -0.00191604      0.00170859      0.00376887      0.00192899      0.00112123      0.00172716      0.00166949      0.00134661      0.00227623       0.0042982     -0.00168492     -0.00814728 
       0.9     0.000563784      -0.0068012     -0.00370078     -0.00587783     -0.00216528      0.00186606       0.0042798      0.00217336      0.00126671        0.001944      0.00188409      0.00154528      0.00258092      0.00485855     -0.00190925     -0.00918878 

 ********         Bootstrapping Results        ******** 
 ***  gamma_LL(h) - Lower Limits on Directional Variograms: 
         h        factor#1        factor#2        factor#3        -------> 
       0.1     3.25236e-09      5.0414e-07     1.15717e-07      3.0776e-07     3.77418e-08     3.15517e-08     1.92869e-07     3.56304e-08     1.15708e-08     3.17387e-08     3.18383e-08     2.14589e-08     6.91488e-08     2.33235e-07     3.15095e-08     7.45358e-07 
       0.2     1.30318e-08     1.83665e-06     4.52826e-07     1.12657e-06     1.50197e-07     1.25018e-07     7.46528e-07     1.41442e-07     4.58041e-08       1.266e-07     1.26185e-07     7.58291e-08     2.72238e-07     8.91898e-07     1.22535e-07     2.88908e-06 
       0.3     2.91084e-08     3.61682e-06     1.00456e-06     2.36787e-06     3.33635e-07      2.7667e-07     1.62925e-06     3.16286e-07     1.01129e-07     2.83371e-07     2.81414e-07     1.55216e-07     5.91757e-07     1.93755e-06     2.71808e-07     6.49941e-06 
       0.4     5.16092e-08     6.01083e-06     1.75306e-06     4.03157e-06     5.85058e-07      4.8551e-07     2.80075e-06     5.59644e-07     1.77446e-07     5.00557e-07     4.97397e-07       2.587e-07      1.0286e-06     3.38023e-06     4.72163e-07     1.13133e-05 
       0.5     7.99925e-08     9.04915e-06     2.70323e-06     6.08107e-06     8.93997e-07      7.4592e-07     4.26868e-06     8.71586e-07     2.74172e-07     7.80815e-07     7.72766e-07     3.84661e-07     1.55007e-06     5.22153e-06     7.19327e-07     1.69726e-05 
       0.6     1.14519e-07     1.25883e-05     3.87472e-06      8.5999e-06     1.25952e-06     1.05495e-06     6.05229e-06     1.25279e-06     3.91917e-07     1.12208e-06     1.11005e-06     5.38481e-07     2.15418e-06     7.47109e-06     1.00592e-06     2.40572e-05 
       0.7     1.54655e-07     1.65544e-05     5.26526e-06     1.15808e-05     1.68489e-06     1.41136e-06     8.03876e-06     1.70469e-06     5.32407e-07     1.52642e-06     1.50941e-06      7.2826e-07     2.85018e-06     1.01328e-05     1.33936e-06     3.19275e-05 
       0.8     1.99507e-07     2.08102e-05     6.88839e-06     1.52688e-05     2.17234e-06     1.74006e-06     1.04511e-05     2.23012e-06      6.9779e-07     1.99205e-06     1.97279e-06     9.71303e-07     3.57338e-06     1.32317e-05     1.73146e-06     4.04524e-05 
       0.9     2.49942e-07     2.60936e-05     8.65007e-06     1.95593e-05     2.74607e-06     2.01754e-06     1.32005e-05     2.83397e-06      8.9096e-07     2.52175e-06     2.50343e-06     1.28036e-06     4.45863e-06     1.67453e-05     2.18184e-06     5.02771e-05 

 ***  gamma_UL(h) - Upper Limits on Directional Variograms: 
         h        factor#1        factor#2        factor#3        -------> 
       0.1     6.52229e-09     1.07617e-06     1.23861e-06     6.39681e-07     1.08084e-07     2.14867e-07     3.51603e-07     7.93144e-08     4.91018e-08     6.06276e-08     8.87915e-08     2.10991e-07      1.3073e-07     4.61925e-07     6.28568e-08     1.29636e-06 
       0.2     2.62036e-08     3.28995e-06     4.14919e-06     2.31576e-06     3.57367e-07     6.74258e-07      1.3699e-06     3.13783e-07     1.87946e-07     2.41786e-07     3.50653e-07     8.21961e-07     5.10403e-07     1.78605e-06     2.47294e-07     5.02688e-06 
       0.3      5.9162e-08     6.23365e-06     8.70077e-06      4.9403e-06     7.11295e-07     1.07701e-06     2.99508e-06     7.00695e-07     4.05763e-07     5.42756e-07     7.76727e-07     1.69976e-06     1.11964e-06     3.91072e-06     5.51033e-07     1.12478e-05 
       0.4     1.04834e-07     1.05828e-05     1.52092e-05     8.36644e-06     1.16738e-06      1.5529e-06     5.20654e-06     1.23808e-06     6.94398e-07      9.6327e-07     1.36906e-06     2.80321e-06     1.94076e-06     6.83762e-06     9.62143e-07     1.96449e-05 
       0.5     1.62789e-07     1.61467e-05     2.33306e-05     1.25939e-05     1.71317e-06      2.0317e-06     7.99229e-06     1.92645e-06     1.05782e-06     1.50255e-06     2.12944e-06      4.1492e-06     2.97598e-06     1.05915e-05      1.4782e-06     3.01701e-05 
       0.6     2.33715e-07     2.28537e-05     3.18388e-05     1.76394e-05     2.34019e-06      2.5372e-06     1.12996e-05     2.76931e-06      1.4936e-06     2.16015e-06     3.06324e-06     5.77404e-06     4.23346e-06     1.51987e-05     2.10601e-06     4.30807e-05 
       0.7     3.16118e-07     3.06005e-05      3.5105e-05     2.34701e-05     3.11267e-06     3.09283e-06     1.52736e-05     3.77249e-06     2.00863e-06     2.93711e-06     4.17884e-06      7.7514e-06     5.67508e-06       2.069e-05      2.8469e-06     5.78006e-05 
       0.8     4.08197e-07     3.93124e-05     3.91763e-05      3.0014e-05     4.04894e-06     3.33006e-06       1.995e-05      4.9463e-06     2.61819e-06     3.83492e-06     5.48727e-06     1.01571e-05     7.38524e-06     2.71391e-05     3.69446e-06     7.36982e-05 
       0.9     5.11929e-07     4.93691e-05     4.34978e-05     3.60437e-05     5.15228e-06     3.94196e-06     2.52849e-05      6.2974e-06     3.33473e-06     4.85268e-06     7.00731e-06     1.25216e-05     9.26745e-06     3.45629e-05     4.66104e-06     9.31412e-05 

 ***  IVARS_LL(H) - Lower Limits on Integrated Variograms: 
         H        factor#1        factor#2        factor#3        -------> 
       0.1     1.62618e-10      2.5207e-08     5.78586e-09      1.5388e-08     1.88709e-09     1.57759e-09     9.64347e-09     1.78152e-09     5.78539e-10     1.58693e-09     1.59192e-09     1.07295e-09     3.45744e-09     1.16617e-08     1.57547e-09     3.72679e-08 
       0.3     3.08171e-09     4.23913e-07     1.06955e-07     2.62214e-07     3.56253e-08     2.93746e-08     1.75496e-07     3.35216e-08     1.08604e-08     3.00281e-08     2.99183e-08     1.74948e-08     6.37208e-08     2.09684e-07     2.90184e-08     6.88362e-07 
       0.5     1.37065e-08     1.67622e-06     4.69632e-07     1.08971e-06     1.56923e-07     1.29195e-07     7.50945e-07      1.4888e-07     4.72913e-08     1.33188e-07     1.32367e-07     7.05702e-08     2.74913e-07     9.06092e-07     1.26217e-07     3.00147e-06 

 ***  IVARS_UL(H) - Upper Limits on Integrated Variograms: 
         H        factor#1        factor#2        factor#3        -------> 
       0.1     3.26114e-10     5.38083e-08     6.19307e-08     3.19841e-08     5.40418e-09     1.07434e-08     1.75801e-08     3.96572e-09     2.45509e-09     3.03138e-09     4.43958e-09     1.05495e-08     6.53648e-09     2.30962e-08     3.14284e-09     6.48178e-08 
       0.3     6.22933e-09     7.40109e-07     9.74304e-07     5.41586e-07     8.15412e-08     1.42763e-07     3.21926e-07     7.43462e-08     4.39836e-08     5.73792e-08     8.28255e-08     1.88684e-07     1.19935e-07     4.20632e-07     5.86314e-08     1.19345e-06 
       0.5     2.78454e-08     2.88458e-06     4.09659e-06     2.24916e-06     3.17153e-07     4.51943e-07     1.39078e-06     3.29596e-07     1.86341e-07     2.55901e-07     3.64715e-07     7.61379e-07     5.17833e-07     1.82954e-06     2.56106e-07     5.23186e-06 

 ***  VARS-TO_LL - Lower Limits on Sobol Total-Order Effects calculated through VARS: 
                  factor#1        factor#2        factor#3        -------> 
                0.00105375        0.121244        0.035954       0.0800204       0.0117022      0.00983923       0.0561171       0.0115343      0.00361881       0.0103308       0.0102203      0.00505421       0.0202545       0.0693065      0.00944471        0.223349 

 ***  VARS-TO_UL - Lower Limits on Sobol Total-Order Effects calculated through VARS: 
                  factor#1        factor#2        factor#3        -------> 
                0.00215066        0.215493        0.296718        0.167311       0.0220549       0.0287631        0.105205       0.0254992       0.0138596       0.0198955       0.0282146       0.0548693       0.0391924        0.140367       0.0194948        0.397929 

 ***  Reliability Estimates of Factor Rankings based on IVARS: 
         H        factor#1        factor#2        factor#3        -------> 
       0.1               1           0.668           0.344           0.478           0.621           0.084           0.633           0.373           0.881           0.414           0.396           0.217           0.141           0.584           0.538           0.804 
       0.3               1           0.743           0.302           0.414           0.541           0.288           0.631           0.339           0.898           0.215           0.311           0.221           0.622           0.543           0.267           0.953 
       0.5               1            0.71           0.297             0.4           0.187           0.366           0.642             0.2           0.909            0.36           0.189           0.265           0.662           0.498           0.404           0.967 

 ***  Reliability Estimates of Factor Rankings based on VARS-TO: 
                  factor#1        factor#2        factor#3        -------> 
                         1           0.702           0.297           0.367           0.328           0.144           0.651           0.217           0.901           0.477           0.276            0.27           0.691           0.457           0.481           0.983 

 ***  Factor Grouping based on VARS-TO & IVARS50: 
                  factor#1        factor#2        factor#3        -------> 
 VARS-TO              1               2               2               2               3               3               2               3               3               3               3               3               3               2               3               2 
 IVARS50              1               2               2               2               3               3               2               3               3               3               3               3               3               2               3               2 

 ***  Reliability Estimates of Rankings based on Factor Grouping: 
                  factor#1        factor#2        factor#3        -------> 
 VARS-TO              1               1           0.952               1               1               1               1               1               1               1               1           0.952               1               1               1               1 
 IVARS50              1               1           0.918               1               1           0.962           0.988               1               1               1               1           0.943           0.999           0.998               1               1 
