 -------- Variogram Analysis of Response Surfaces (VARS) Output File -------- 
 VARS settings: 
 Target Number of Stars = 100 
 Current Number of Stars = 70 
 minimum h = 0.1 
 Bootstrap Size = 1000 
 Bootstrap Confidence Level = 0.9 

 ***  gamma(h) - Directional Variograms: 
         h        factor#1        factor#2        factor#3        -------> 
       0.1     4.61096e-09     1.08171e-06     4.52501e-07      4.1205e-07     6.17716e-08     7.90638e-08     2.85371e-07      5.9361e-08     2.90263e-08     4.55076e-08     5.98282e-08     7.91711e-08     9.48431e-08     3.40742e-07     4.54879e-08     1.08069e-06 
       0.2     1.83741e-08     3.14046e-06     1.59403e-06     1.50125e-06     2.25986e-07     2.70869e-07     1.10341e-06     2.34853e-07     1.11524e-07     1.82129e-07     2.33841e-07     2.95876e-07     3.72275e-07     1.26728e-06     1.79539e-07     4.10019e-06 
       0.3     4.11611e-08     5.99464e-06      3.3813e-06     3.18569e-06     4.81085e-07      5.0126e-07     2.39484e-06     5.23781e-07     2.42553e-07     4.09595e-07     5.16701e-07     6.04044e-07     8.18746e-07      2.7428e-06     3.99054e-07     8.93312e-06 
       0.4     7.28321e-08     9.84599e-06     5.86863e-06       5.421e-06      8.2057e-07     7.99491e-07     4.13647e-06     9.24974e-07     4.19428e-07     7.27134e-07     9.06462e-07     9.87464e-07     1.42628e-06     4.77154e-06     7.00293e-07     1.53947e-05 
       0.5     1.13077e-07     1.45972e-05      8.9866e-06     8.20631e-06      1.2386e-06     1.13908e-06     6.33219e-06     1.43869e-06     6.41765e-07     1.13385e-06      1.4048e-06     1.45046e-06     2.19112e-06     7.35814e-06     1.08103e-06      2.3388e-05 
       0.6     1.61337e-07     2.02818e-05     1.24903e-05     1.15674e-05     1.73403e-06     1.52208e-06      8.9792e-06     2.06648e-06     9.11657e-07     1.62878e-06     2.01693e-06     2.01026e-06     3.10709e-06       1.052e-05     1.54024e-06     3.30833e-05 
       0.7     2.17044e-07     2.70203e-05     1.50995e-05     1.55613e-05     2.31394e-06     1.93866e-06     1.21271e-05     2.81122e-06     1.23372e-06     2.21097e-06     2.75043e-06     2.69942e-06     4.16428e-06     1.42713e-05     2.07812e-06      4.3898e-05 
       0.8     2.79955e-07     3.45509e-05     1.82633e-05     2.02496e-05     2.99427e-06     2.27993e-06     1.58336e-05      3.6774e-06     1.61518e-06      2.8784e-06     3.61428e-06     3.55794e-06     5.36673e-06     1.86507e-05     2.69629e-06     5.54455e-05 
       0.9     3.50163e-07     4.22394e-05      2.1747e-05     2.52215e-05     3.79953e-06     2.70753e-06     2.00998e-05     4.67166e-06      2.0664e-06     3.62767e-06     4.62019e-06     4.49808e-06     6.72222e-06     2.35869e-05     3.39484e-06      6.9784e-05 

 ***  COV(h) - Directional Covariograms: 
         h        factor#1        factor#2        factor#3        -------> 
       0.1     3.88384e-05     3.40299e-05     6.34829e-05     3.05138e-05     3.81688e-05     3.70402e-05     3.36655e-05     3.89404e-05     3.77576e-05     3.80254e-05     3.91622e-05     4.03749e-05     3.58026e-05     4.10695e-05     4.11289e-05     3.24837e-05 
       0.2     3.88134e-05     3.08738e-05     6.20466e-05     2.90422e-05     3.79802e-05     3.67652e-05      3.2394e-05     3.86443e-05     3.76445e-05      3.7812e-05     3.88615e-05     4.01005e-05     3.53847e-05     3.96351e-05     4.09598e-05     2.83831e-05 
       0.3     3.87914e-05     2.78993e-05     6.00905e-05     2.73791e-05      3.7731e-05     3.65012e-05     3.11185e-05     3.83576e-05     3.75168e-05     3.75845e-05     3.85825e-05     3.98092e-05     3.49343e-05     3.81555e-05     4.07425e-05     2.34817e-05 
       0.4     3.87716e-05     2.49904e-05     5.72135e-05     2.55108e-05     3.74212e-05     3.62835e-05     2.98416e-05     3.80792e-05      3.7374e-05     3.73434e-05     3.83235e-05     3.94884e-05     3.44625e-05     3.66264e-05     4.04776e-05     1.81949e-05 
       0.5      3.8754e-05     2.21187e-05      5.5473e-05     2.34311e-05     3.70566e-05     3.61128e-05     2.85462e-05     3.78082e-05     3.72156e-05     3.70886e-05     3.80819e-05      3.9129e-05     3.39823e-05     3.50726e-05     4.01667e-05     1.26978e-05 
       0.6     3.87397e-05     1.92533e-05     5.40355e-05     2.11284e-05     3.66413e-05     3.59832e-05     2.72497e-05     3.75445e-05     3.70418e-05     3.68215e-05     3.78548e-05     3.87247e-05     3.34933e-05     3.34599e-05     3.98124e-05     6.74678e-06 
       0.7     3.87305e-05     1.62801e-05      5.1665e-05     1.85789e-05     3.61753e-05     3.58954e-05     2.59364e-05     3.72884e-05     3.68524e-05     3.65443e-05     3.76403e-05     3.82681e-05     3.29901e-05      3.1735e-05     3.94175e-05     7.53667e-07 
       0.8     3.87281e-05     1.29718e-05     4.94723e-05     1.57637e-05     3.56572e-05     3.58351e-05     2.45687e-05     3.70402e-05     3.66477e-05      3.6257e-05     3.74378e-05     3.77539e-05     3.24726e-05     2.98934e-05     3.89852e-05    -4.94961e-06 
       0.9      3.8733e-05     8.91492e-06     4.74305e-05     1.28204e-05     3.50775e-05     3.57383e-05     2.31261e-05     3.67997e-05     3.64279e-05     3.59581e-05     3.72478e-05     3.72106e-05      3.1935e-05     2.80277e-05     3.85129e-05    -1.10051e-05 

 ***  ECOV(h) - Directional Expected Covariograms: 
         h        factor#1        factor#2        factor#3        -------> 
       0.1     5.75784e-08     7.22155e-06     4.41399e-06      4.1267e-06     6.13589e-07     5.69478e-07     3.20446e-06     7.35849e-07     3.23646e-07      5.8117e-07     7.17367e-07     7.18279e-07     1.11006e-06     3.73333e-06      5.5022e-07     1.17543e-05 
       0.2     3.79816e-08     4.35543e-06     2.93364e-06     2.60358e-06     3.91898e-07     3.34079e-07     2.06706e-06     4.84786e-07     2.09344e-07     3.84366e-07     4.70021e-07     4.29877e-07     7.22128e-07     2.42487e-06      3.6057e-07     7.65269e-06 
       0.3     1.50968e-08     1.46308e-06     1.08968e-06     9.54397e-07     1.42639e-07       7.474e-08      7.9509e-07     1.97444e-07     8.11844e-08     1.56612e-07     1.90492e-07     1.40182e-07     2.76807e-07     9.62596e-07     1.41538e-07     2.76697e-06 
       0.4    -1.08183e-08    -1.63678e-06    -1.22735e-06    -8.44468e-07    -1.32525e-07    -1.77145e-07    -6.12105e-07    -1.26553e-07      -6.098e-08    -1.01082e-07    -1.22569e-07    -1.62156e-07    -2.20039e-07    -6.72244e-07    -1.03588e-07    -2.55229e-06 
       0.5    -3.93659e-08    -4.94897e-06    -3.50316e-06    -2.80132e-06     -4.2832e-07    -4.18055e-07     -2.1581e-06    -4.87713e-07     -2.1734e-07    -3.87881e-07    -4.71671e-07    -4.85692e-07    -7.62056e-07    -2.48601e-06    -3.72452e-07    -8.20661e-06 
       0.6    -7.00803e-08    -8.47498e-06    -5.74362e-06    -4.91967e-06    -7.40406e-07    -6.53026e-07    -3.83054e-06    -8.86669e-07    -3.88267e-07    -7.02944e-07    -8.59934e-07    -8.36316e-07    -1.34379e-06     -4.4886e-06    -6.63863e-07    -1.43934e-05 
       0.7    -1.02609e-07    -1.22608e-05    -7.25368e-06    -7.20483e-06    -1.06837e-06    -8.79232e-07    -5.65664e-06    -1.32415e-06    -5.74357e-07    -1.04556e-06     -1.2901e-06    -1.22007e-06    -1.95703e-06    -6.67678e-06    -9.77585e-07    -2.05935e-05 
       0.8    -1.36823e-07    -1.62932e-05    -8.95679e-06    -9.64395e-06    -1.41442e-06    -1.09459e-06    -7.64508e-06    -1.80108e-06    -7.76529e-07    -1.41455e-06    -1.76406e-06    -1.63714e-06    -2.59903e-06    -9.05863e-06    -1.31386e-06    -2.65501e-05 
       0.9    -1.72757e-07    -2.04861e-05    -1.07111e-05    -1.20203e-05    -1.77501e-06    -1.33413e-06    -9.76735e-06    -2.31878e-06      -9.962e-07    -1.80811e-06    -2.28363e-06    -2.02749e-06    -3.27574e-06    -1.15322e-05    -1.67047e-06    -3.34851e-05 

 ***  IVARS(H) - Integrated Variograms: 
         H        factor#1        factor#2        factor#3        -------> 
       0.1     2.30548e-10     5.40854e-08     2.26251e-08     2.06025e-08     3.08858e-09     3.95319e-09     1.42686e-08     2.96805e-09     1.45132e-09     2.27538e-09     2.99141e-09     3.95856e-09     4.74215e-09     1.70371e-08      2.2744e-09     5.40346e-08 
       0.3     4.35657e-09     7.21949e-07     3.73718e-07     3.50615e-07       5.283e-08     6.00563e-08      2.5862e-07     5.56105e-08     2.61827e-08     4.32434e-08      5.5202e-08     6.77069e-08     8.76491e-08     2.97942e-07     4.24554e-08     9.64745e-07 
       0.5     1.93517e-08     2.73614e-06     1.57898e-06     1.46232e-06     2.20871e-07     2.22022e-07     1.10862e-06     2.46231e-07     1.12341e-07     1.93129e-07     2.41923e-07     2.69178e-07      3.8077e-07     1.28014e-06     1.86489e-07     4.12027e-06 

 ***  Factor Rankings based on IVARS: 
         H        factor#1        factor#2        factor#3        -------> 
       0.1              16               1               3               4              10               9               6              12              15              13              11               8               7               5              14               2 
       0.3              16               2               3               4              12               9               6              10              15              13              11               8               7               5              14               1 
       0.5              16               2               3               4              12              11               6               9              15              13              10               8               7               5              14               1 

 ***  VARS-TO - Sobol Total-Order Effects calculated through VARS: 
                  factor#1        factor#2        factor#3        -------> 
                0.00156528         0.20899        0.122488        0.114239       0.0169986       0.0163235       0.0878376       0.0200151      0.00887662       0.0157732       0.0195617       0.0200715        0.030327        0.102543       0.0149937        0.323053 

 ***  Factor Rankings based on VARS-TO: 
                  factor#1        factor#2        factor#3        -------> 
                        16               2               3               4              11              12               6               9              15              13              10               8               7               5              14               1 

 ***  VARS-ABE - Morris mean ABsolute Elementary effects across scales: 
   delta x        factor#1        factor#2        factor#3        -------> 
       0.1     7.40528e-05     0.000974672     0.000469642     0.000638206     0.000255613     0.000236587     0.000574933     0.000248712     0.000140007     0.000241281     0.000213811     0.000159946     0.000337481     0.000629416     0.000235361      0.00115274 
       0.2     0.000148502      0.00185298     0.000932821      0.00125356     0.000507659      0.00046375      0.00113559     0.000496332     0.000278595     0.000483046     0.000425375     0.000312492     0.000672735       0.0012336     0.000469289      0.00228505 
       0.3     0.000223308       0.0026816      0.00139888      0.00186163     0.000755877     0.000678226      0.00168403     0.000743351     0.000416411     0.000724766     0.000635427     0.000458336      0.00100134      0.00182136      0.00070075      0.00342417 
       0.4     0.000298272      0.00351226      0.00187247      0.00246699       0.0010007     0.000891715      0.00222837     0.000990221     0.000554044     0.000966396     0.000844924     0.000602971      0.00132771      0.00240753     0.000930117      0.00452644 
       0.5     0.000373181      0.00432711      0.00233837      0.00307752      0.00124346      0.00109544      0.00277469      0.00123739     0.000692068      0.00120771      0.00105492     0.000749635      0.00164686      0.00299744      0.00115504      0.00558894 
       0.6     0.000447408      0.00512037      0.00279714      0.00370048      0.00148057      0.00129759      0.00331753      0.00148533     0.000831065      0.00144813       0.0012667     0.000901915      0.00196145       0.0035851      0.00138009      0.00663906 
       0.7     0.000520681      0.00592101      0.00321709       0.0043438      0.00171694      0.00148512       0.0038631      0.00173449     0.000971625      0.00168803      0.00148136      0.00106365      0.00227239       0.0041757      0.00160121      0.00762318 
       0.8     0.000592981      0.00667659      0.00364093      0.00501422      0.00195912      0.00164917      0.00440959      0.00198533      0.00111438       0.0019267      0.00169934       0.0012387      0.00257898      0.00476407      0.00181814       0.0085239 
       0.9     0.000664335      0.00733231      0.00404657      0.00569328      0.00220688      0.00180906      0.00495273      0.00223841      0.00126006      0.00216317      0.00192133      0.00142224      0.00288117      0.00535152      0.00203232      0.00954448 

 ***  VARS-ACE - Morris mean ACtual Elementary effects across scales: 
   delta x        factor#1        factor#2        factor#3        -------> 
       0.1     6.04141e-05     -0.00079665    -0.000425165    -0.000632586    -0.000244938     0.000200066     0.000509971     0.000248712     0.000140007     0.000228397      0.00021212     0.000154157     0.000304519     0.000558191    -0.000223827       -0.001003 
       0.2     0.000121625     -0.00156495     -0.00085665     -0.00125356    -0.000489125     0.000408589      0.00101307     0.000496332     0.000278595      0.00045736     0.000422114     0.000301479     0.000606174      0.00111671    -0.000446157     -0.00201284 
       0.3     0.000183321      -0.0023189     -0.00129628     -0.00186163    -0.000733261     0.000627705      0.00150819     0.000743351     0.000416411     0.000686992     0.000630755     0.000442667     0.000906799      0.00167528     -0.00066696     -0.00308115 
       0.4     0.000245151     -0.00308653     -0.00175556     -0.00246699    -0.000978282     0.000847622      0.00199945     0.000990221     0.000554044     0.000917093     0.000838915     0.000582575      0.00120627      0.00223747     -0.00088683      -0.0041434 
       0.5     0.000306743     -0.00385656     -0.00220017     -0.00307752     -0.00122337       0.0010627      0.00249413      0.00123739     0.000692068      0.00114692      0.00104773     0.000725095      0.00150698      0.00279781     -0.00110738     -0.00517682 
       0.6     0.000367726      -0.0046298     -0.00263334     -0.00370048     -0.00146742      0.00127143      0.00299917      0.00148533     0.000831065      0.00137564      0.00125837     0.000873862       0.0018094      0.00335621     -0.00133025      -0.0062151 
       0.7      0.00042775     -0.00541078     -0.00302464      -0.0043438     -0.00171094      0.00146464      0.00351912      0.00173449     0.000971625      0.00160298      0.00147176      0.00103289      0.00211586      0.00390899     -0.00155624     -0.00718934 
       0.8     0.000486501      -0.0062598      -0.0034266     -0.00501422      -0.0019565      0.00163436      0.00405226      0.00198533      0.00111438      0.00182944      0.00168845      0.00120591       0.0024247      0.00446684     -0.00178463     -0.00805137 
       0.9     0.000543727     -0.00716985     -0.00382648     -0.00569328     -0.00220444       0.0018006      0.00458974      0.00223841      0.00126006      0.00205558      0.00190908      0.00138741      0.00274067      0.00502372     -0.00201444       -0.009027 

 ********         Bootstrapping Results        ******** 
 ***  gamma_LL(h) - Lower Limits on Directional Variograms: 
         h        factor#1        factor#2        factor#3        -------> 
       0.1     3.38997e-09     6.19016e-07     1.40736e-07     3.00144e-07     3.90483e-08     3.00302e-08     2.10579e-07     3.96019e-08     1.36568e-08       3.443e-08     3.61527e-08      2.3739e-08     7.10244e-08     2.57032e-07     3.36472e-08     8.27632e-07 
       0.2     1.35096e-08      2.1994e-06     5.50857e-07     1.10749e-06     1.54117e-07     1.18064e-07     8.10547e-07     1.57112e-07     5.32714e-08     1.37808e-07     1.41097e-07     8.24776e-08     2.80896e-07     9.50937e-07     1.33264e-07     3.18151e-06 
       0.3      3.0233e-08     4.47415e-06      1.1887e-06     2.33894e-06     3.44286e-07     2.60529e-07     1.76994e-06     3.50271e-07     1.16898e-07     3.09998e-07      3.1216e-07     1.67271e-07     6.19305e-07     2.04804e-06     2.96282e-07     6.93536e-06 
       0.4     5.35282e-08     7.40525e-06     2.02223e-06     3.95845e-06     6.05454e-07     4.56517e-07     3.04534e-06     6.17323e-07     2.04561e-07     5.50331e-07     5.45759e-07     2.73955e-07     1.07923e-06     3.53922e-06     5.20384e-07     1.18196e-05 
       0.5     8.27595e-08      1.1098e-05     3.09637e-06     5.94246e-06     9.27699e-07     6.99684e-07     4.63317e-06     9.61702e-07     3.18157e-07     8.57008e-07     8.43354e-07     4.04014e-07     1.65018e-06     5.42895e-06     8.00212e-07     1.77841e-05 
       0.6      1.1795e-07     1.54265e-05     4.42511e-06     8.40397e-06     1.31001e-06     9.88317e-07     6.51953e-06     1.38241e-06     4.54224e-07     1.23196e-06     1.20915e-06     5.62874e-07      2.3353e-06     7.75402e-06     1.12883e-06     2.51342e-05 
       0.7      1.5794e-07     2.05912e-05     6.04903e-06     1.13293e-05      1.7524e-06     1.31313e-06     8.79557e-06     1.88062e-06     6.16747e-07     1.66629e-06     1.64851e-06     7.62098e-07     3.10105e-06     1.04645e-05     1.51273e-06     3.31228e-05 
       0.8     2.02734e-07     2.60727e-05     8.00685e-06     1.47878e-05     2.27166e-06     1.65655e-06      1.1395e-05     2.45842e-06     8.06062e-07     2.16833e-06     2.17019e-06      1.0219e-06     3.97082e-06     1.34267e-05     1.95632e-06     4.14163e-05 
       0.9     2.53412e-07     3.16062e-05     1.01363e-05     1.89558e-05     2.86224e-06     1.97828e-06     1.43194e-05      3.1322e-06     1.02576e-06     2.72925e-06     2.78277e-06      1.3382e-06     4.94959e-06     1.68276e-05     2.46302e-06     5.19237e-05 

 ***  gamma_UL(h) - Upper Limits on Directional Variograms: 
         h        factor#1        factor#2        factor#3        -------> 
       0.1     6.01837e-09     1.69548e-06     9.63805e-07     5.44884e-07     8.86661e-08     1.57995e-07     3.67575e-07     8.11068e-08     4.77267e-08     5.80747e-08     8.55911e-08     1.51975e-07     1.20898e-07     4.46025e-07     5.94433e-08     1.36409e-06 
       0.2     2.39865e-08     4.19934e-06       3.271e-06     1.97784e-06     3.01482e-07     5.00063e-07     1.41968e-06     3.20808e-07      1.8085e-07     2.32229e-07     3.34408e-07     5.88023e-07     4.74738e-07     1.66409e-06     2.34658e-07     5.16315e-06 
       0.3     5.37042e-08     7.69927e-06     6.89203e-06     4.23121e-06     6.27346e-07     8.10571e-07     3.05609e-06     7.15392e-07      3.9039e-07      5.2214e-07     7.38863e-07     1.21025e-06     1.04525e-06     3.63182e-06     5.21663e-07      1.1246e-05 
       0.4     9.54146e-08     1.24889e-05     1.20086e-05     7.23902e-06     1.05635e-06     1.22016e-06     5.23849e-06     1.26374e-06     6.69209e-07     9.28406e-07     1.29534e-06     1.99494e-06     1.82121e-06     6.31642e-06     9.17574e-07     1.93241e-05 
       0.5     1.47926e-07     1.84373e-05      1.8445e-05     1.09683e-05      1.5761e-06     1.64539e-06     8.01966e-06     1.96669e-06     1.01889e-06     1.44874e-06     2.00576e-06     2.93891e-06     2.79618e-06     9.75134e-06     1.41744e-06     2.95136e-05 
       0.6     2.11618e-07     2.56518e-05     2.53037e-05     1.53106e-05     2.20635e-06     2.10302e-06     1.13665e-05     2.82699e-06     1.44591e-06     2.07972e-06     2.87929e-06     4.09243e-06     3.97035e-06     1.39444e-05      2.0322e-06     4.17058e-05 
       0.7     2.85429e-07     3.42775e-05     2.85706e-05      2.0439e-05     2.93016e-06     2.62301e-06     1.54239e-05     3.84869e-06      1.9578e-06     2.82295e-06     3.93085e-06     5.49406e-06     5.33012e-06     1.89383e-05     2.74214e-06     5.55643e-05 
       0.8     3.66421e-07     4.39416e-05     3.25703e-05     2.64129e-05     3.80827e-06      2.9918e-06     2.03003e-05     5.04006e-06     2.56819e-06     3.67717e-06     5.16815e-06     7.19657e-06     6.89116e-06     2.47804e-05     3.56088e-06     7.04028e-05 
       0.9     4.59495e-07     5.36226e-05     3.71803e-05     3.22626e-05     4.82677e-06     3.57227e-06     2.58298e-05     6.41133e-06     3.30367e-06     4.64031e-06     6.61405e-06     8.95772e-06     8.70705e-06     3.14803e-05     4.49416e-06     8.88412e-05 

 ***  IVARS_LL(H) - Lower Limits on Integrated Variograms: 
         H        factor#1        factor#2        factor#3        -------> 
       0.1     1.69498e-10     3.09508e-08     7.03681e-09     1.50072e-08     1.95242e-09     1.50151e-09      1.0529e-08      1.9801e-09      6.8284e-10      1.7215e-09     1.80764e-09     1.18695e-09     3.55122e-09     1.28516e-08     1.68236e-09     4.13816e-08 
       0.3      3.2083e-09     5.09717e-07     1.29179e-07     2.58913e-07     3.65339e-08     2.77485e-08     1.90353e-07     3.72058e-08     1.25807e-08     3.27374e-08     3.33599e-08     1.90552e-08       6.629e-08     2.23071e-07      3.1533e-08     7.53819e-07 
       0.5     1.42036e-08     2.04786e-06      5.4198e-07     1.06948e-06     1.62069e-07     1.21577e-07     8.14906e-07     1.64445e-07     5.45684e-08     1.46003e-07     1.45983e-07     7.48274e-08     2.88263e-07     9.53665e-07     1.38436e-07     3.17703e-06 

 ***  IVARS_UL(H) - Upper Limits on Integrated Variograms: 
         H        factor#1        factor#2        factor#3        -------> 
       0.1     3.00919e-10     8.47738e-08     4.81902e-08     2.72442e-08      4.4333e-09     7.89975e-09     1.83788e-08     4.05534e-09     2.38634e-09     2.90374e-09     4.27956e-09     7.59877e-09      6.0449e-09     2.23012e-08     2.97217e-09     6.82046e-08 
       0.3     5.68002e-09     9.66855e-07     7.68231e-07     4.61997e-07     6.98832e-08      1.0629e-07     3.31162e-07     7.59596e-08     4.24303e-08     5.51374e-08     7.89807e-08     1.35129e-07     1.11844e-07      3.9308e-07     5.55237e-08     1.21032e-06 
       0.5     2.53169e-08     3.47497e-06     3.23359e-06     1.94648e-06     2.85079e-07     3.48325e-07     1.40842e-06     3.36426e-07      1.7978e-07     2.46517e-07     3.46208e-07     5.40868e-07     4.85829e-07     1.69335e-06     2.44233e-07     5.17908e-06 

 ***  VARS-TO_LL - Lower Limits on Sobol Total-Order Effects calculated through VARS: 
                  factor#1        factor#2        factor#3        -------> 
                0.00114595        0.157136       0.0435286       0.0822726       0.0128256       0.0096906        0.064024       0.0133821      0.00440968       0.0119236       0.0117291      0.00557319       0.0228078        0.075682       0.0110311        0.245536 

 ***  VARS-TO_UL - Lower Limits on Sobol Total-Order Effects calculated through VARS: 
                  factor#1        factor#2        factor#3        -------> 
                0.00204756        0.264133        0.247742          0.1534       0.0216952       0.0241288         0.11153       0.0273786       0.0140846        0.020154       0.0279417       0.0408783       0.0387879        0.135932       0.0197073        0.407738 

 ***  Reliability Estimates of Factor Rankings based on IVARS: 
         H        factor#1        factor#2        factor#3        -------> 
       0.1               1            0.43           0.482           0.423           0.591           0.165            0.64           0.303           0.884           0.206           0.304           0.262           0.666            0.55           0.242           0.441 
       0.3               1           0.883           0.454           0.385           0.214           0.285           0.613            0.15           0.898           0.318           0.209           0.248           0.748           0.541           0.348           0.959 
       0.5               1           0.902            0.45            0.37           0.246           0.149           0.609           0.248           0.889           0.433            0.18            0.27           0.806           0.504           0.463           0.993 

 ***  Reliability Estimates of Factor Rankings based on VARS-TO: 
                  factor#1        factor#2        factor#3        -------> 
                         1           0.903            0.44           0.341           0.233           0.106           0.616           0.275           0.865            0.42           0.186           0.239           0.831           0.457           0.481           0.994 

 ***  Factor Grouping based on VARS-TO & IVARS50: 
                  factor#1        factor#2        factor#3        -------> 
 VARS-TO              2               1               3               3               4               4               3               4               4               4               4               4               4               3               4               1 
 IVARS50              2               1               3               3               4               4               3               4               4               4               4               4               4               3               4               1 

 ***  Reliability Estimates of Rankings based on Factor Grouping: 
                  factor#1        factor#2        factor#3        -------> 
 VARS-TO              1           0.907           0.904               1               1               1               1               1               1               1               1           0.997               1               1               1               1 
 IVARS50              1           0.933           0.922               1               1           0.996               1               1               1               1               1           0.996               1               1               1           0.997 
