 -------- Variogram Analysis of Response Surfaces (VARS) Output File -------- 
 VARS settings: 
 Target Number of Stars = 100 
 Current Number of Stars = 60 
 minimum h = 0.1 
 Bootstrap Size = 1000 
 Bootstrap Confidence Level = 0.9 

 ***  gamma(h) - Directional Variograms: 
         h        factor#1        factor#2        factor#3        -------> 
       0.1     4.49877e-09     1.15174e-06     4.53678e-07     4.16839e-07     6.45321e-08     8.63774e-08     2.62062e-07     5.33819e-08     2.40558e-08     4.52236e-08     5.40562e-08     8.52428e-08     9.74704e-08     3.46832e-07     4.55366e-08     1.03896e-06 
       0.2     1.80253e-08     3.24669e-06     1.58243e-06     1.52384e-06     2.33154e-07      2.9279e-07     1.02218e-06     2.11146e-07     9.31922e-08     1.80779e-07     2.12985e-07     3.21135e-07     3.82136e-07     1.29859e-06     1.78957e-07     3.96993e-06 
       0.3     4.05409e-08     6.06484e-06     3.36789e-06     3.24693e-06      4.9233e-07     5.33276e-07     2.24436e-06     4.70848e-07     2.03718e-07     4.06264e-07     4.73283e-07     6.57733e-07     8.39303e-07     2.82623e-06      3.9619e-07     8.59141e-06 
       0.4     7.19435e-08     9.88193e-06     5.89032e-06     5.53941e-06     8.34691e-07      8.4295e-07     3.90046e-06     8.31597e-07     3.53227e-07     7.21044e-07      8.3345e-07     1.07753e-06     1.46032e-06     4.93229e-06     6.92811e-07     1.46792e-05 
       0.5     1.11998e-07      1.4592e-05     9.05639e-06     8.39358e-06     1.25403e-06      1.1919e-06     5.97903e-06       1.294e-06     5.41026e-07     1.12476e-06     1.29478e-06     1.58516e-06     2.24124e-06     7.61635e-06     1.06679e-06     2.21987e-05 
       0.6     1.60265e-07     2.01925e-05     1.25415e-05     1.18245e-05     1.74986e-06     1.58463e-06        8.48e-06     1.86004e-06     7.68346e-07     1.61716e-06     1.86136e-06     2.19871e-06     3.17589e-06     1.08855e-05     1.51816e-06     3.12976e-05 
       0.7     2.16167e-07     2.68324e-05     1.47935e-05     1.58758e-05     2.33042e-06     2.01087e-06     1.14209e-05     2.53309e-06     1.03818e-06     2.19763e-06     2.53856e-06     2.95235e-06     4.25254e-06     1.47384e-05     2.04884e-06     4.15762e-05 
       0.8     2.79156e-07     3.43759e-05     1.74705e-05     2.05819e-05     3.01519e-06     2.33906e-06     1.48375e-05       3.318e-06     1.35496e-06     2.86436e-06     3.33131e-06     3.88662e-06     5.47383e-06     1.91676e-05     2.66243e-06      5.2695e-05 
       0.9     3.48782e-07     4.18743e-05      2.0352e-05     2.53962e-05     3.83962e-06     2.75708e-06     1.87756e-05     4.22115e-06     1.72451e-06     3.61486e-06     4.24487e-06     4.88927e-06     6.84867e-06     2.40192e-05     3.35921e-06     6.63434e-05 

 ***  COV(h) - Directional Covariograms: 
         h        factor#1        factor#2        factor#3        -------> 
       0.1     3.77896e-05     3.20482e-05     6.28314e-05     3.19156e-05     3.64944e-05     3.63054e-05     3.01811e-05     3.81904e-05     3.76098e-05     3.85735e-05     3.83589e-05     4.04831e-05     3.63243e-05     4.18977e-05     4.01684e-05     2.83506e-05 
       0.2     3.77668e-05      2.8904e-05     6.14532e-05     3.04074e-05      3.6303e-05      3.6031e-05     2.90392e-05     3.79267e-05     3.75297e-05     3.83609e-05     3.80895e-05     4.01967e-05     3.59052e-05     4.04175e-05      4.0002e-05     2.43324e-05 
       0.3     3.77438e-05     2.59863e-05     5.94329e-05     2.86969e-05     3.60501e-05     3.57626e-05     2.78343e-05     3.76691e-05     3.74211e-05     3.81341e-05      3.7831e-05      3.9877e-05     3.54439e-05      3.8895e-05     3.97882e-05     1.97037e-05 
       0.4     3.77213e-05     2.30922e-05     5.63269e-05     2.67735e-05     3.57363e-05      3.5525e-05     2.65747e-05     3.74165e-05     3.72845e-05     3.78951e-05      3.7583e-05     3.95109e-05     3.49523e-05     3.73151e-05     3.95266e-05     1.48313e-05 
       0.5     3.76998e-05     2.01882e-05     5.45721e-05     2.46375e-05      3.5368e-05     3.53208e-05     2.52708e-05     3.71677e-05     3.71201e-05     3.76437e-05     3.73438e-05     3.90884e-05     3.44458e-05     3.57045e-05     3.92181e-05     9.64165e-06 
       0.6     3.76794e-05     1.72969e-05     5.32038e-05     2.22837e-05     3.49487e-05     3.51451e-05     2.39319e-05      3.6922e-05     3.69279e-05     3.73799e-05     3.71104e-05     3.86024e-05     3.39227e-05     3.40457e-05     3.88651e-05     4.03768e-06 
       0.7     3.76597e-05     1.43155e-05     5.07663e-05     1.96922e-05     3.44774e-05     3.50076e-05     2.25617e-05     3.66791e-05     3.67077e-05     3.71032e-05     3.68801e-05     3.80449e-05     3.33767e-05      3.2315e-05     3.84707e-05    -1.46359e-06 
       0.8     3.76406e-05     1.09223e-05     4.85294e-05     1.68485e-05     3.39504e-05      3.4929e-05     2.11662e-05     3.64389e-05     3.64594e-05     3.68116e-05     3.66516e-05     3.74098e-05      3.2812e-05     3.05727e-05     3.80384e-05    -6.70269e-06 
       0.9     3.76223e-05     7.12792e-06     4.63673e-05     1.39223e-05     3.33505e-05     3.48437e-05     1.97346e-05     3.62014e-05     3.61824e-05      3.6502e-05     3.64242e-05     3.67304e-05     3.22254e-05     2.89889e-05     3.75649e-05    -1.24456e-05 

 ***  ECOV(h) - Directional Expected Covariograms: 
         h        factor#1        factor#2        factor#3        -------> 
       0.1      5.7223e-08     7.18041e-06     4.42004e-06     4.22833e-06     6.17936e-07     5.95531e-07     3.03031e-06      6.6232e-07      2.7321e-07     5.76803e-07     6.62845e-07      7.8707e-07     1.13493e-06     3.86605e-06     5.42341e-07     1.11459e-05 
       0.2      3.7826e-08     4.26709e-06     2.97211e-06     2.66928e-06     3.92568e-07     3.44773e-07     1.96977e-06     4.36403e-07     1.77065e-07     3.81432e-07     4.35574e-07     4.71537e-07     7.37505e-07     2.51589e-06     3.54301e-07      7.1818e-06 
       0.3     1.51686e-08     1.41619e-06     1.10469e-06     9.75221e-07       1.404e-07     7.04957e-08     7.57752e-07     1.78253e-07     6.85486e-08     1.55804e-07     1.77368e-07     1.54364e-07     2.81301e-07     9.96008e-07     1.38183e-07     2.54057e-06 
       0.4    -1.04937e-08    -1.65377e-06    -1.30616e-06     -8.7596e-07    -1.36803e-07    -1.91329e-07    -5.88414e-07    -1.12778e-07    -5.19813e-08    -9.93394e-08    -1.12429e-07    -1.77124e-07    -2.26976e-07    -7.06444e-07    -1.02781e-07    -2.44541e-06 
       0.5    -3.88628e-08    -4.93326e-06    -3.64077e-06    -2.88637e-06    -4.33402e-07    -4.38378e-07    -2.05547e-06    -4.37567e-07    -1.84328e-07    -3.83717e-07    -4.35848e-07     -5.3224e-07    -7.80535e-07    -2.59474e-06    -3.66616e-07    -7.75929e-06 
       0.6    -6.96002e-08    -8.38783e-06     -5.8787e-06    -5.05168e-06    -7.45129e-07    -6.78256e-07    -3.63918e-06    -7.97186e-07     -3.2847e-07    -6.97102e-07    -7.95564e-07    -9.17033e-07    -1.37415e-06    -4.67023e-06     -6.5276e-07    -1.35497e-05 
       0.7     -1.0237e-07    -1.20922e-05    -7.17741e-06    -7.37007e-06    -1.07137e-06    -9.07926e-07    -5.34729e-06    -1.19288e-06    -4.84476e-07    -1.03897e-06    -1.19365e-06    -1.33752e-06    -1.99828e-06    -6.91821e-06    -9.61784e-07    -1.94194e-05 
       0.8    -1.36882e-07    -1.61372e-05    -8.61057e-06    -9.81834e-06    -1.41494e-06    -1.12169e-06    -7.18757e-06    -1.62603e-06    -6.52495e-07    -1.40798e-06    -1.63088e-06    -1.79274e-06    -2.64889e-06     -9.3174e-06    -1.29458e-06    -2.51049e-05 
       0.9    -1.72921e-07    -2.02761e-05    -1.00592e-05    -1.21306e-05    -1.77557e-06    -1.35902e-06     -9.1714e-06    -2.09812e-06    -8.32916e-07    -1.80265e-06    -2.10766e-06    -2.21094e-06    -3.33329e-06     -1.1719e-05    -1.64834e-06    -3.16134e-05 

 ***  IVARS(H) - Integrated Variograms: 
         H        factor#1        factor#2        factor#3        -------> 
       0.1     2.24939e-10     5.75871e-08     2.26839e-08      2.0842e-08      3.2266e-09     4.31887e-09     1.31031e-08     2.66909e-09     1.20279e-09     2.26118e-09     2.70281e-09     4.26214e-09     4.87352e-09     1.73416e-08     2.27683e-09     5.19482e-08 
       0.3     4.27946e-09     7.43085e-07     3.72006e-07     3.56415e-07     5.43851e-08     6.45805e-08     2.40642e-07     4.99952e-08     2.19107e-08     4.29135e-08     5.03683e-08     7.35244e-08     8.99258e-08     3.05853e-07     4.22589e-08      9.3046e-07 
       0.5     1.91008e-08     2.76412e-06     1.58225e-06     1.49238e-06     2.25172e-07     2.35134e-07     1.04186e-06     2.21397e-07     9.44707e-08     1.91569e-07     2.22116e-07     2.93422e-07     3.89985e-07     1.32121e-06     1.84689e-07     3.93788e-06 

 ***  Factor Rankings based on IVARS: 
         H        factor#1        factor#2        factor#3        -------> 
       0.1              16               1               3               4              10               8               6              12              15              14              11               9               7               5              13               2 
       0.3              16               2               3               4              10               9               6              12              15              13              11               8               7               5              14               1 
       0.5              16               2               3               4              10               9               6              12              15              13              11               8               7               5              14               1 

 ***  VARS-TO - Sobol Total-Order Effects calculated through VARS: 
                  factor#1        factor#2        factor#3        -------> 
                0.00158719        0.214264        0.125329        0.119452       0.0175499       0.0175355       0.0846642       0.0184045      0.00764427       0.0159956       0.0184353       0.0224318       0.0316916        0.108335       0.0151174        0.313338 

 ***  Factor Rankings based on VARS-TO: 
                  factor#1        factor#2        factor#3        -------> 
                        16               2               3               4              11              12               6              10              15              13               9               8               7               5              14               1 

 ***  VARS-ABE - Morris mean ABsolute Elementary effects across scales: 
   delta x        factor#1        factor#2        factor#3        -------> 
       0.1     7.33401e-05     0.000983885     0.000450836     0.000635757     0.000256882     0.000241494     0.000561153     0.000238021     0.000133178     0.000239346     0.000206418     0.000164937     0.000340552     0.000636505     0.000233557      0.00113015 
       0.2     0.000147237      0.00186242     0.000900928      0.00125045      0.00050884     0.000471403      0.00111195      0.00047499     0.000265237     0.000478878     0.000411199     0.000323393     0.000678489      0.00124837     0.000464802      0.00224616 
       0.3     0.000221556      0.00267849      0.00135902      0.00185938     0.000756256     0.000686348      0.00165574      0.00071138     0.000396663     0.000718109     0.000614764     0.000474891      0.00100867      0.00184314     0.000692637      0.00335526 
       0.4     0.000295986      0.00350093      0.00182718      0.00246584     0.000999597     0.000900809      0.00219452     0.000947633     0.000527922     0.000957077     0.000817807     0.000624693       0.0013361      0.00243559     0.000917861       0.0044201 
       0.5     0.000370231      0.00430783       0.0022843      0.00307689      0.00124059      0.00110676      0.00273349      0.00118418     0.000659498      0.00119578      0.00102124     0.000776593      0.00165508      0.00303147      0.00113814      0.00544664 
       0.6     0.000443979      0.00508862      0.00272727      0.00369876       0.0014755      0.00131446      0.00326804      0.00142145     0.000791882      0.00143391      0.00122614     0.000934325      0.00196901      0.00362283      0.00135919      0.00645444 
       0.7     0.000516953      0.00587885      0.00311627      0.00433856      0.00171003      0.00150748      0.00380374      0.00165989     0.000925547      0.00167198      0.00143342      0.00110195      0.00227881      0.00421417      0.00157663      0.00740631 
       0.8      0.00058889      0.00662955      0.00350364      0.00500181      0.00195192      0.00167158      0.00434396      0.00189996      0.00106095      0.00190911      0.00164317       0.0012831      0.00258333      0.00479478      0.00179036      0.00828845 
       0.9     0.000659494      0.00726564      0.00387738      0.00566281      0.00220269      0.00182993      0.00487636      0.00214218       0.0011986      0.00214436      0.00185552      0.00146928      0.00288277      0.00536312      0.00200177      0.00928733 

 ***  VARS-ACE - Morris mean ACtual Elementary effects across scales: 
   delta x        factor#1        factor#2        factor#3        -------> 
       0.1     6.31335e-05    -0.000786234    -0.000402291    -0.000629201    -0.000244428     0.000202893     0.000494764     0.000238021     0.000133178     0.000224315     0.000204786     0.000159319     0.000302096      0.00055341      -0.0002201    -0.000964845 
       0.2     0.000126846     -0.00153582    -0.000813396     -0.00125045    -0.000487217       0.0004157     0.000981772      0.00047499     0.000265237     0.000448911     0.000408069     0.000312447     0.000600835        0.001112    -0.000437816     -0.00193429 
       0.3     0.000190873     -0.00226439     -0.00123932     -0.00185938    -0.000729871     0.000639862      0.00146138      0.00071138     0.000396663     0.000674038     0.000610286     0.000458948      0.00089837      0.00167272    -0.000653216     -0.00295721 
       0.4     0.000254979      -0.0030127     -0.00169078     -0.00246584    -0.000973442     0.000863416      0.00193709     0.000947633     0.000527922     0.000899557     0.000812049     0.000604035      0.00119442      0.00223719     -0.00086736     -0.00397322 
       0.5     0.000318928     -0.00376525     -0.00212307     -0.00307689     -0.00121715      0.00108177      0.00241598      0.00118418     0.000659498      0.00112486      0.00101431     0.000751818      0.00149189      0.00279856     -0.00108253     -0.00496584 
       0.6     0.000382469     -0.00451905     -0.00253618     -0.00369876     -0.00146016      0.00129512      0.00290564      0.00142145     0.000791882      0.00134933      0.00121807     0.000906053      0.00179162      0.00335578     -0.00130104     -0.00595983 
       0.7      0.00044537     -0.00528358     -0.00289174     -0.00433856     -0.00170303      0.00149301      0.00340988      0.00165989     0.000925547      0.00157276        0.001424      0.00107088       0.0020962      0.00390301     -0.00152417     -0.00690017 
       0.8     0.000507385      -0.0061433     -0.00325358     -0.00500181     -0.00194887       0.0016628      0.00392709      0.00189996      0.00106095      0.00179564      0.00163228      0.00124979      0.00240334      0.00444801     -0.00175126     -0.00773718 
       0.9     0.000568201      -0.0070761     -0.00362062     -0.00566281     -0.00219985      0.00182604      0.00445288      0.00214218       0.0011986      0.00201883      0.00184308      0.00143387      0.00271886      0.00498069      -0.0019809     -0.00868361 

 ********         Bootstrapping Results        ******** 
 ***  gamma_LL(h) - Lower Limits on Directional Variograms: 
         h        factor#1        factor#2        factor#3        -------> 
       0.1      3.0319e-09     5.93696e-07     1.05129e-07     2.82124e-07     3.73437e-08     2.91232e-08     1.89748e-07     3.48244e-08     9.71146e-09     3.19793e-08     3.04439e-08     1.83604e-08     6.87416e-08     2.47354e-07     3.15759e-08     7.81193e-07 
       0.2     1.22117e-08     2.18544e-06     4.15685e-07     1.03313e-06     1.46927e-07     1.14517e-07     7.34796e-07     1.38416e-07     3.84613e-08     1.27718e-07     1.20359e-07     6.58639e-08     2.71329e-07     9.09933e-07       1.239e-07     3.02718e-06 
       0.3     2.72552e-08     4.29633e-06     9.23018e-07     2.17186e-06     3.28516e-07     2.54431e-07     1.60621e-06      3.0991e-07     8.52117e-08     2.86519e-07     2.67134e-07     1.33485e-07     5.94002e-07     1.95556e-06     2.72739e-07     6.58761e-06 
       0.4     4.84712e-08     7.22846e-06     1.61963e-06     3.70505e-06     5.78033e-07     4.44292e-07     2.77888e-06     5.48749e-07     1.50828e-07      5.0754e-07     4.70843e-07     2.17979e-07     1.03333e-06     3.41069e-06     4.75225e-07     1.11708e-05 
       0.5     7.52497e-08     1.07697e-05      2.5033e-06     5.62547e-06     8.83251e-07     6.81096e-07     4.26039e-06     8.54233e-07     2.33377e-07     7.90747e-07     7.30197e-07     3.27797e-07     1.58894e-06     5.25152e-06     7.30262e-07     1.68039e-05 
       0.6      1.0807e-07     1.48323e-05     3.59465e-06     7.96434e-06     1.24342e-06     9.58625e-07     6.04983e-06     1.22747e-06     3.34114e-07     1.13682e-06     1.04668e-06     4.61103e-07     2.23875e-06     7.47392e-06     1.03527e-06     2.35551e-05 
       0.7      1.4557e-07     1.96978e-05     4.91043e-06     1.07513e-05     1.66403e-06      1.2875e-06     8.16983e-06      1.6676e-06     4.54476e-07     1.54576e-06     1.42258e-06     6.25761e-07     3.00933e-06     1.01102e-05     1.39316e-06     3.09405e-05 
       0.8     1.87523e-07     2.51492e-05     6.43903e-06     1.41338e-05     2.15056e-06     1.61422e-06     1.05574e-05     2.18243e-06     5.94808e-07      2.0101e-06     1.86535e-06     8.33514e-07     3.85197e-06     1.30576e-05     1.80695e-06     3.90655e-05 
       0.9     2.32332e-07     2.97412e-05     7.98141e-06     1.79138e-05     2.72594e-06      1.9232e-06     1.33547e-05     2.77271e-06     7.56226e-07     2.53967e-06     2.38412e-06     1.07742e-06     4.80169e-06     1.62146e-05     2.28283e-06      4.8954e-05 

 ***  gamma_UL(h) - Upper Limits on Directional Variograms: 
         h        factor#1        factor#2        factor#3        -------> 
       0.1     6.13099e-09     1.81412e-06     1.06032e-06      5.6687e-07     9.92137e-08     1.82972e-07     3.41577e-07     7.40696e-08     3.90711e-08     5.91298e-08     8.21411e-08     1.70636e-07     1.27936e-07      4.5763e-07     6.07878e-08     1.31392e-06 
       0.2     2.45904e-08     4.47392e-06      3.5633e-06     2.10161e-06     3.34294e-07     5.77164e-07     1.33316e-06     2.92983e-07     1.50119e-07     2.36289e-07      3.2316e-07     6.63951e-07      5.0002e-07     1.72045e-06     2.39672e-07     5.00357e-06 
       0.3     5.55299e-08     7.88075e-06     7.48437e-06      4.5062e-06     6.81465e-07     9.40419e-07     2.92579e-06     6.53999e-07     3.25735e-07     5.30863e-07     7.18728e-07      1.3632e-06     1.09377e-06     3.73374e-06     5.33282e-07     1.07712e-05 
       0.4     9.87013e-08     1.26232e-05     1.30915e-05     7.70819e-06     1.11941e-06     1.37158e-06     5.10169e-06     1.15415e-06     5.62574e-07     9.42092e-07     1.26564e-06     2.26185e-06     1.90595e-06     6.51848e-06     9.29759e-07     1.84395e-05 
       0.5     1.53616e-07     1.85376e-05     2.00912e-05     1.16479e-05     1.65266e-06     1.83872e-06     7.78533e-06     1.79738e-06     8.58817e-07     1.46986e-06     1.96712e-06     3.36574e-06     2.93819e-06     1.00802e-05      1.4393e-06     2.80876e-05 
       0.6     2.20332e-07     2.59003e-05     2.74672e-05     1.63202e-05     2.28571e-06     2.31747e-06     1.10597e-05     2.58336e-06     1.21647e-06     2.11457e-06     2.82805e-06     4.67995e-06     4.16997e-06     1.44449e-05     2.04481e-06     3.96637e-05 
       0.7     2.98104e-07     3.46151e-05     3.05351e-05     2.17916e-05      3.0325e-06     2.81801e-06     1.48958e-05     3.52207e-06     1.64213e-06     2.87627e-06      3.8575e-06     6.28008e-06     5.58163e-06     1.96248e-05     2.76022e-06     5.29549e-05 
       0.8     3.85474e-07     4.45015e-05     3.44872e-05      2.8074e-05     3.93155e-06     3.11707e-06     1.93199e-05     4.61556e-06     2.14275e-06     3.75241e-06     5.07682e-06     8.22926e-06      7.2151e-06     2.56076e-05     3.59944e-06     6.76605e-05 
       0.9     4.81992e-07     5.53278e-05     3.86308e-05     3.33242e-05     5.02776e-06     3.64205e-06       2.444e-05     5.88066e-06     2.72606e-06     4.73815e-06     6.49033e-06     1.01259e-05     9.05254e-06     3.22855e-05     4.55109e-06     8.55107e-05 

 ***  IVARS_LL(H) - Lower Limits on Integrated Variograms: 
         H        factor#1        factor#2        factor#3        -------> 
       0.1     1.51595e-10     2.96848e-08     5.25645e-09     1.41062e-08     1.86719e-09     1.45616e-09     9.48739e-09     1.74122e-09     4.85573e-10     1.59896e-09      1.5222e-09     9.18021e-10     3.43708e-09     1.23677e-08      1.5788e-09     3.90596e-08 
       0.3     2.88344e-09     5.00318e-07     9.82323e-08     2.40413e-07     3.48973e-08     2.70578e-08     1.72878e-07     3.28176e-08     9.10075e-09     3.02957e-08     2.84737e-08     1.51728e-08      6.3997e-08     2.13498e-07     2.92185e-08     7.13124e-07 
       0.5     1.28701e-08     1.98638e-06      4.3252e-07     9.98331e-07      1.5441e-07     1.18264e-07     7.43081e-07     1.45921e-07     4.02154e-08     1.34913e-07      1.2531e-07     6.00506e-08     2.75935e-07     9.16205e-07     1.26833e-07     3.00078e-06 

 ***  IVARS_UL(H) - Upper Limits on Integrated Variograms: 
         H        factor#1        factor#2        factor#3        -------> 
       0.1     3.06549e-10     9.07061e-08     5.30159e-08     2.83435e-08     4.96069e-09     9.14862e-09     1.70788e-08     3.70348e-09     1.95356e-09     2.95649e-09     4.10706e-09     8.53179e-09     6.39679e-09     2.28815e-08     3.03939e-09     6.56958e-08 
       0.3     5.83872e-09     1.01432e-06     8.36333e-07     4.91165e-07     7.74211e-08     1.22617e-07       3.128e-07     6.93652e-08     3.51861e-08     5.60851e-08      7.6437e-08      1.5244e-07     1.17253e-07     4.04444e-07     5.66997e-08     1.16636e-06 
       0.5     2.61973e-08     3.55992e-06     3.52426e-06     2.07096e-06     3.04535e-07     3.97284e-07     1.36243e-06     3.07333e-07     1.50592e-07      2.5033e-07      3.3722e-07     6.11798e-07     5.08942e-07     1.74791e-06     2.48232e-07     4.95131e-06 

 ***  VARS-TO_LL - Lower Limits on Sobol Total-Order Effects calculated through VARS: 
                  factor#1        factor#2        factor#3        -------> 
                0.00106846        0.156814       0.0357377       0.0797417       0.0124281      0.00961555        0.060422       0.0121439       0.0033118       0.0112527        0.010394      0.00464474       0.0224131       0.0746641       0.0103438        0.236954 

 ***  VARS-TO_UL - Lower Limits on Sobol Total-Order Effects calculated through VARS: 
                  factor#1        factor#2        factor#3        -------> 
                0.00217935        0.273981        0.274908        0.166293       0.0230616        0.027573        0.110163       0.0255712       0.0121174       0.0209127        0.027998       0.0478164       0.0415231        0.143376        0.020353         0.39641 

 ***  Reliability Estimates of Factor Rankings based on IVARS: 
         H        factor#1        factor#2        factor#3        -------> 
       0.1               1           0.569           0.439           0.397           0.657           0.312           0.626           0.346           0.966           0.404           0.402           0.201           0.622           0.479           0.497           0.565 
       0.3               1            0.82           0.403           0.348           0.562           0.356           0.623           0.313           0.973            0.26           0.318           0.269           0.696           0.461           0.266           0.893 
       0.5               1           0.874           0.399           0.342           0.375           0.373           0.622           0.265           0.972           0.394           0.224           0.333            0.75            0.42           0.421           0.973 

 ***  Reliability Estimates of Factor Rankings based on VARS-TO: 
                  factor#1        factor#2        factor#3        -------> 
                         1           0.876           0.378           0.306           0.207           0.099           0.623           0.185            0.97           0.444           0.236           0.331           0.791           0.381           0.497           0.977 

 ***  Factor Grouping based on VARS-TO & IVARS50: 
                  factor#1        factor#2        factor#3        -------> 
 VARS-TO              1               2               2               2               3               3               2               3               3               3               3               3               3               2               3               2 
 IVARS50              2               1               3               3               4               4               3               4               4               4               4               4               4               3               4               1 

 ***  Reliability Estimates of Rankings based on Factor Grouping: 
                  factor#1        factor#2        factor#3        -------> 
 VARS-TO              1               1           0.982               1               1               1               1               1               1               1               1           0.982               1               1               1               1 
 IVARS50              1           0.939           0.865           0.998               1           0.981           0.996               1               1               1               1            0.97           0.999               1               1            0.97 
