 -------- Variogram Analysis of Response Surfaces (VARS) Output File -------- 
 VARS settings: 
 Target Number of Stars = 100 
 Current Number of Stars = 100 
 minimum h = 0.1 
 Bootstrap Size = 1000 
 Bootstrap Confidence Level = 0.9 

 ***  gamma(h) - Directional Variograms: 
         h        factor#1        factor#2        factor#3        -------> 
       0.1     6.21829e-09     1.13639e-06     3.51222e-07       4.452e-07     5.62488e-08     6.74614e-08     2.64376e-07      5.4679e-08     2.98635e-08     4.29213e-08     5.38858e-08     8.06809e-08     9.48333e-08       3.133e-07     4.02847e-08     1.03298e-06 
       0.2      2.5278e-08     3.19218e-06     1.25405e-06     1.62041e-06     2.09165e-07     2.33636e-07     1.02364e-06     2.16789e-07     1.14669e-07     1.70849e-07     2.10641e-07       2.931e-07     3.67576e-07     1.17663e-06     1.59014e-07     3.94044e-06 
       0.3     5.70944e-08     5.63611e-06     2.67881e-06     3.38685e-06     4.49073e-07     4.42232e-07     2.22781e-06     4.84201e-07     2.48823e-07     3.82134e-07     4.65032e-07     5.86602e-07     8.01449e-07     2.55096e-06     3.53578e-07     8.66184e-06 
       0.4     1.00586e-07     8.88161e-06     4.66252e-06     5.65953e-06     7.69664e-07     7.11801e-07      3.8536e-06     8.55854e-07     4.29152e-07     6.75333e-07     8.13971e-07     9.42351e-07     1.38865e-06     4.43386e-06     6.21217e-07     1.50268e-05 
       0.5     1.54086e-07     1.29304e-05      7.1529e-06     8.44715e-06     1.16583e-06     1.02359e-06     5.90103e-06     1.33178e-06     6.55335e-07     1.04995e-06     1.25669e-06     1.36598e-06     2.12557e-06     6.83298e-06     9.60301e-07     2.29222e-05 
       0.6     2.15867e-07     1.78041e-05     9.97313e-06     1.18241e-05      1.6374e-06     1.37976e-06     8.37216e-06     1.91302e-06     9.30026e-07      1.5067e-06     1.79531e-06     1.87973e-06     3.00224e-06     9.77212e-06     1.37035e-06     3.25541e-05 
       0.7     2.84086e-07     2.34903e-05     1.22206e-05     1.59091e-05     2.19048e-06     1.77341e-06     1.13151e-05     2.60149e-06     1.25858e-06     2.04687e-06     2.43483e-06     2.52314e-06     3.99933e-06     1.32613e-05     1.85215e-06     4.32785e-05 
       0.8      3.5651e-07      2.9644e-05     1.49088e-05     2.08129e-05     2.83639e-06     2.12666e-06     1.47785e-05     3.40007e-06     1.64851e-06     2.67005e-06     3.18267e-06     3.34676e-06     5.11108e-06     1.73001e-05      2.4074e-06     5.47171e-05 
       0.9     4.31008e-07     3.60674e-05     1.78782e-05     2.63076e-05     3.59125e-06     2.55073e-06     1.87835e-05     4.31283e-06     2.10908e-06      3.3732e-06     4.05012e-06     4.30991e-06       6.354e-06     2.18247e-05     3.03701e-06     6.85873e-05 

 ***  COV(h) - Directional Covariograms: 
         h        factor#1        factor#2        factor#3        -------> 
       0.1     3.31425e-05     2.92067e-05      5.0805e-05     2.79868e-05     3.34905e-05     3.31685e-05     3.14113e-05     3.38751e-05     3.26333e-05     3.31673e-05     3.33545e-05     3.39968e-05     3.08002e-05      3.6197e-05     3.53585e-05      2.9279e-05 
       0.2     3.31077e-05     2.62225e-05     4.96484e-05     2.64135e-05     3.33101e-05      3.2929e-05     3.02067e-05     3.36057e-05     3.25132e-05     3.29792e-05      3.3093e-05     3.37365e-05     3.04047e-05     3.48725e-05     3.52096e-05     2.52511e-05 
       0.3      3.3075e-05     2.37757e-05     4.81007e-05     2.47058e-05      3.3072e-05     3.27025e-05     2.90083e-05     3.33398e-05     3.23827e-05     3.27714e-05     3.28427e-05     3.34654e-05     2.99661e-05     3.35117e-05     3.50189e-05     2.04585e-05 
       0.4     3.30464e-05      2.1388e-05     4.58868e-05      2.2859e-05     3.27805e-05     3.25084e-05     2.78287e-05     3.30769e-05     3.22412e-05     3.25415e-05     3.26027e-05      3.3171e-05     2.94983e-05     3.20958e-05     3.47843e-05     1.52923e-05 
       0.5     3.30234e-05      1.8992e-05     4.44597e-05     2.08421e-05     3.24411e-05     3.23435e-05     2.66664e-05     3.28167e-05     3.20883e-05     3.22868e-05     3.23729e-05     3.28427e-05     2.90153e-05      3.0635e-05      3.4505e-05     9.89048e-06 
       0.6     3.30075e-05     1.65974e-05     4.32344e-05     1.86212e-05     3.20546e-05     3.22075e-05     2.55229e-05      3.2559e-05     3.19235e-05     3.20099e-05     3.21535e-05     3.24719e-05     2.85195e-05     2.91035e-05     3.41846e-05     3.99902e-06 
       0.7     3.29994e-05       1.429e-05     4.13359e-05     1.61724e-05     3.16166e-05     3.21124e-05     2.43586e-05     3.23041e-05     3.17466e-05     3.17172e-05     3.19456e-05     3.20512e-05     2.80126e-05     2.74859e-05     3.38296e-05    -1.85029e-06 
       0.8     3.29994e-05     1.23092e-05     3.95446e-05      1.3498e-05     3.11209e-05     3.20579e-05      2.3137e-05     3.20523e-05     3.15579e-05     3.14136e-05     3.17506e-05     3.15784e-05     2.75042e-05     2.58434e-05     3.34446e-05    -7.41987e-06 
       0.9     3.30061e-05     1.00684e-05     3.78423e-05     1.06973e-05     3.05574e-05     3.19958e-05     2.18094e-05     3.18037e-05     3.13581e-05     3.11019e-05     3.15702e-05     3.10801e-05     2.69993e-05     2.42627e-05     3.30264e-05    -1.32677e-05 

 ***  ECOV(h) - Directional Expected Covariograms: 
         h        factor#1        factor#2        factor#3        -------> 
       0.1     7.77772e-08     6.22147e-06     3.52969e-06      4.2163e-06     5.81273e-07     5.10519e-07     2.98834e-06      6.8143e-07     3.30313e-07     5.37622e-07     6.38917e-07     6.67925e-07     1.07519e-06     3.47227e-06     4.89361e-07     1.15685e-05 
       0.2     5.10057e-08     3.49994e-06     2.34518e-06     2.61669e-06     3.72724e-07     3.03192e-07      1.9309e-06      4.4922e-07     2.13046e-07     3.54164e-07     4.17745e-07     3.92462e-07     6.96967e-07     2.25312e-06     3.21005e-07      7.5769e-06 
       0.3      1.8655e-08     1.05729e-06     8.78963e-07      9.1191e-07     1.37319e-07     7.51243e-08      7.4431e-07     1.82962e-07     8.20578e-08     1.43358e-07     1.66234e-07     1.20907e-07      2.5949e-07     8.88839e-07     1.26938e-07     2.78971e-06 
       0.4    -1.76503e-08    -1.53612e-06    -9.42438e-07    -9.00633e-07     -1.2255e-07    -1.50532e-07    -5.68482e-07    -1.17427e-07    -6.27155e-08    -9.39632e-08    -1.15325e-07    -1.56787e-07    -2.24842e-07    -6.28388e-07     -9.0508e-08    -2.45502e-06 
       0.5    -5.62548e-08    -4.32635e-06     -2.7542e-06    -2.85059e-06    -4.02727e-07    -3.71509e-07    -2.00974e-06    -4.52196e-07    -2.21707e-07    -3.57744e-07     -4.2681e-07    -4.50919e-07    -7.46625e-07    -2.30988e-06    -3.29737e-07    -8.03626e-06 
       0.6    -9.56924e-08    -7.31227e-06    -4.55649e-06    -4.97107e-06    -7.00307e-07    -5.91466e-07    -3.57162e-06     -8.2169e-07    -3.95609e-07    -6.48227e-07    -7.68593e-07    -7.70436e-07     -1.3006e-06    -4.17259e-06    -5.90004e-07    -1.41969e-05 
       0.7    -1.34731e-07    -1.04281e-05    -5.85978e-06    -7.28434e-06    -1.01504e-06     -8.0698e-07     -5.2791e-06    -1.22624e-06    -5.85206e-07    -9.65655e-07    -1.14153e-06     -1.1238e-06    -1.87838e-06    -6.21047e-06    -8.71475e-07    -2.03788e-05 
       0.8    -1.72491e-07    -1.33922e-05    -7.31225e-06    -9.77847e-06    -1.34842e-06    -1.01358e-06    -7.14021e-06    -1.66617e-06    -7.91233e-07    -1.30905e-06    -1.54684e-06    -1.51371e-06    -2.47455e-06    -8.40363e-06    -1.17466e-06    -2.63566e-05 
       0.9    -2.08658e-07    -1.62476e-05    -8.81941e-06    -1.22954e-05    -1.69789e-06    -1.23177e-06    -9.14507e-06    -2.14193e-06    -1.01438e-06    -1.67599e-06     -1.9866e-06    -1.89679e-06    -3.09482e-06    -1.06639e-05    -1.49818e-06    -3.31411e-05 

 ***  IVARS(H) - Integrated Variograms: 
         H        factor#1        factor#2        factor#3        -------> 
       0.1     3.10914e-10     5.68195e-08     1.75611e-08       2.226e-08     2.81244e-09     3.37307e-09     1.32188e-08     2.73395e-09     1.49317e-09     2.14606e-09     2.69429e-09     4.03404e-09     4.74167e-09      1.5665e-08     2.01423e-09     5.16488e-08 
       0.3     6.00435e-09     7.14662e-07     2.94467e-07     3.75903e-07      4.8995e-08     5.22213e-08     2.40192e-07     5.13569e-08     2.68944e-08     4.04837e-08     4.97043e-08     6.67082e-08     8.63133e-08     2.76541e-07     3.76087e-08     9.30434e-07 
       0.5     2.66219e-08     2.53115e-06      1.2523e-06     1.53356e-06     2.06707e-07     1.96692e-07     1.03199e-06     2.27742e-07     1.15017e-07     1.79621e-07     2.17187e-07     2.58572e-07     3.71529e-07     1.18912e-06     1.65424e-07     4.01232e-06 

 ***  Factor Rankings based on IVARS: 
         H        factor#1        factor#2        factor#3        -------> 
       0.1              16               1               4               3              10               9               6              11              15              13              12               8               7               5              14               2 
       0.3              16               2               4               3              12               9               6              10              15              13              11               8               7               5              14               1 
       0.5              16               2               4               3              11              12               6               9              15              13              10               8               7               5              14               1 

 ***  VARS-TO - Sobol Total-Order Effects calculated through VARS: 
                  factor#1        factor#2        factor#3        -------> 
                0.00243128        0.212976        0.112334        0.134929       0.0184533       0.0167299       0.0941511        0.021307       0.0104254        0.016804       0.0200535       0.0216687       0.0338669        0.109575       0.0153308        0.364755 

 ***  Factor Rankings based on VARS-TO: 
                  factor#1        factor#2        factor#3        -------> 
                        16               2               4               3              11              13               6               9              15              12              10               8               7               5              14               1 

 ***  VARS-ABE - Morris mean ABsolute Elementary effects across scales: 
   delta x        factor#1        factor#2        factor#3        -------> 
       0.1     7.60901e-05     0.000937971     0.000440543     0.000637876     0.000245491     0.000229324     0.000550765     0.000240893     0.000140577     0.000233452     0.000199398     0.000156716     0.000332979     0.000604275     0.000222652      0.00114445 
       0.2     0.000153207      0.00177012     0.000877595      0.00125397     0.000488008     0.000449792      0.00108884     0.000480825     0.000279296     0.000466239     0.000397064     0.000304577     0.000662662      0.00118767     0.000443595      0.00227448 
       0.3       0.0002313      0.00252855      0.00131686      0.00186015      0.00072767     0.000657973      0.00161557      0.00072015     0.000416926     0.000697699     0.000593666     0.000445359     0.000985257      0.00175646     0.000661874      0.00341439 
       0.4     0.000309709      0.00328034      0.00176155      0.00246166     0.000964562      0.00086363      0.00213824      0.00095932     0.000554264     0.000927751     0.000790156     0.000584595      0.00130601      0.00232157      0.00087802       0.0045267 
       0.5     0.000387762       0.0040173      0.00219981      0.00306899      0.00120013      0.00105967      0.00266268      0.00119872     0.000692142      0.00115662     0.000986943     0.000726362      0.00161791      0.00288731         0.00109      0.00559855 
       0.6     0.000464563       0.0047391      0.00263064      0.00369249      0.00143195      0.00125275      0.00318418      0.00143881     0.000831396      0.00138548      0.00118476     0.000874914      0.00192662      0.00344994      0.00130252      0.00666872 
       0.7      0.00053944      0.00544724       0.0030308      0.00434035      0.00166343       0.0014359      0.00370901      0.00168001     0.000972828       0.0016154      0.00138431       0.0010346      0.00222669      0.00401271      0.00151364      0.00768177 
       0.8     0.000611944      0.00610301      0.00343032      0.00501589      0.00189894      0.00160619      0.00423678      0.00192259      0.00111718       0.0018451      0.00158607      0.00120952       0.0025152      0.00457278      0.00172224      0.00862167 
       0.9     0.000681898      0.00669683      0.00381639      0.00570548      0.00213738       0.0017717      0.00476393      0.00216692      0.00126519      0.00207578      0.00179093      0.00139673      0.00279416      0.00513919      0.00192897       0.0096616 

 ***  VARS-ACE - Morris mean ACtual Elementary effects across scales: 
   delta x        factor#1        factor#2        factor#3        -------> 
       0.1     6.38509e-05    -0.000670108    -0.000397943    -0.000633942     -0.00023671      0.00019091      0.00049532     0.000240769     0.000140577     0.000220567     0.000196586     0.000148525     0.000298998     0.000545526    -0.000209816     -0.00103326 
       0.2     0.000129175     -0.00133278    -0.000800068     -0.00125397    -0.000472949     0.000384834     0.000981458     0.000480649     0.000279296     0.000440634     0.000391605       0.0002886     0.000599536      0.00108792    -0.000417821     -0.00207273 
       0.3      0.00019543     -0.00201021     -0.00120884     -0.00186015    -0.000709008     0.000584165      0.00145931     0.000720003     0.000416926     0.000660364     0.000585769     0.000421996     0.000902713      0.00162751    -0.000624254     -0.00316118 
       0.4     0.000261927     -0.00269427     -0.00163219     -0.00246166    -0.000945534      0.00078352      0.00193361     0.000959209     0.000554264     0.000880093     0.000779682     0.000553846      0.00120629      0.00216847    -0.000829976     -0.00424362 
       0.5     0.000327972     -0.00337102     -0.00204492     -0.00306899     -0.00118214      0.00098046      0.00241175      0.00119867     0.000692142      0.00110001     0.000974032     0.000688666       0.0015093      0.00270941     -0.00103645     -0.00529793 
       0.6     0.000392891     -0.00404141     -0.00244828     -0.00369249      -0.0014183      0.00117528      0.00290042      0.00143881     0.000831396      0.00132014      0.00116952     0.000830769      0.00180943      0.00325271     -0.00124496     -0.00636544 
       0.7     0.000456003      -0.0046905     -0.00282063     -0.00434035     -0.00165435      0.00136305      0.00340505      0.00168001     0.000972828      0.00154085      0.00136679     0.000984657      0.00210633      0.00379752     -0.00145659     -0.00737609 
       0.8     0.000516699     -0.00533111     -0.00320027     -0.00501589      -0.0018918      0.00153934      0.00392583      0.00192259      0.00111718      0.00176254      0.00156642       0.0011544      0.00239814      0.00435168     -0.00167128      -0.0082909 
       0.9     0.000574658     -0.00603097     -0.00358149     -0.00570548     -0.00213039      0.00171819      0.00445788      0.00216692      0.00126519       0.0019851      0.00176928      0.00133673      0.00269098      0.00490973     -0.00188834     -0.00929937 

 ********         Bootstrapping Results        ******** 
 ***  gamma_LL(h) - Lower Limits on Directional Variograms: 
         h        factor#1        factor#2        factor#3        -------> 
       0.1     3.59398e-09     7.11264e-07     1.31959e-07     3.18207e-07     3.87751e-08     3.17494e-08      2.0399e-07     4.05112e-08     1.54128e-08      3.3548e-08     3.64076e-08     3.28578e-08     7.43625e-08      2.4239e-07     3.06674e-08     8.41527e-07 
       0.2     1.44014e-08     2.32705e-06     5.14178e-07     1.18077e-06     1.53575e-07      1.2316e-07     7.91094e-07     1.61091e-07     5.92248e-08     1.33287e-07     1.41038e-07     1.11727e-07     2.89967e-07     9.05026e-07     1.21297e-07     3.21777e-06 
       0.3      3.2443e-08     4.34739e-06     1.13554e-06     2.46891e-06     3.40629e-07     2.65156e-07     1.71449e-06     3.59838e-07     1.29349e-07     2.97312e-07     3.13675e-07     2.21465e-07     6.31412e-07     1.94016e-06     2.70069e-07     7.05628e-06 
       0.4     5.75911e-08     6.98923e-06     1.96743e-06     4.19708e-06     5.98398e-07     4.55495e-07     2.97477e-06     6.35513e-07     2.24471e-07     5.24228e-07     5.49249e-07     3.52315e-07     1.09571e-06     3.36301e-06     4.75788e-07     1.22138e-05 
       0.5     8.96604e-08     1.01982e-05     3.02769e-06     6.35092e-06     9.18358e-07     6.93536e-07     4.58105e-06      9.8873e-07     3.43603e-07      8.1411e-07     8.47799e-07      5.0877e-07     1.67873e-06     5.17078e-06     7.36236e-07     1.86131e-05 
       0.6     1.27811e-07     1.40322e-05     4.30349e-06     8.95808e-06     1.29883e-06     9.70629e-07     6.49507e-06     1.42014e-06     4.92197e-07     1.16813e-06     1.21076e-06     7.00674e-07     2.35453e-06     7.39753e-06     1.04995e-06     2.62078e-05 
       0.7     1.71655e-07     1.85188e-05     5.88058e-06     1.21119e-05     1.74203e-06      1.2971e-06     8.77645e-06     1.93216e-06     6.68903e-07     1.58585e-06     1.63187e-06     9.44887e-07     3.11584e-06      1.0011e-05     1.41517e-06     3.47113e-05 
       0.8     2.20668e-07      2.3274e-05     7.75159e-06     1.58826e-05     2.25465e-06     1.63739e-06     1.13226e-05     2.52703e-06     8.75639e-07     2.06611e-06     2.13611e-06     1.26732e-06      3.9445e-06     1.30016e-05     1.83891e-06     4.37127e-05 
       0.9      2.7332e-07     2.79432e-05     9.77635e-06     2.04604e-05     2.83879e-06     1.96998e-06     1.43086e-05     3.19428e-06       1.126e-06     2.61005e-06     2.72127e-06     1.69841e-06     4.88484e-06     1.63589e-05     2.31302e-06     5.45812e-05 

 ***  gamma_UL(h) - Upper Limits on Directional Variograms: 
         h        factor#1        factor#2        factor#3        -------> 
       0.1     1.04556e-08     1.64674e-06     7.21617e-07     5.84714e-07     7.82109e-08     1.27074e-07     3.31846e-07     7.00342e-08     4.75319e-08     5.31588e-08     7.54371e-08     1.38388e-07     1.18796e-07     3.92202e-07     5.08421e-08     1.23314e-06 
       0.2     4.29023e-08     4.21034e-06     2.45788e-06      2.1143e-06     2.74287e-07     4.09198e-07     1.28383e-06      2.7716e-07     1.81762e-07     2.11703e-07     2.96098e-07     5.16158e-07     4.57729e-07      1.4821e-06     2.01116e-07     4.66184e-06 
       0.3      9.6849e-08     7.05171e-06     5.17811e-06      4.4024e-06     5.70697e-07     6.96096e-07     2.79558e-06     6.19939e-07     3.92317e-07     4.75119e-07     6.55672e-07     1.04071e-06     9.89782e-07     3.22195e-06     4.47737e-07     1.02965e-05 
       0.4     1.69908e-07     1.08927e-05     9.03605e-06     7.29071e-06     9.56242e-07     1.05317e-06      4.8404e-06     1.09721e-06     6.73999e-07     8.37719e-07     1.14702e-06     1.70112e-06     1.71463e-06     5.58825e-06      7.8312e-07       1.781e-05 
       0.5     2.57132e-07     1.56942e-05     1.38609e-05     1.07755e-05     1.43393e-06     1.43845e-06     7.41194e-06     1.70826e-06     1.02582e-06     1.30112e-06     1.76918e-06     2.49816e-06     2.63057e-06     8.61315e-06     1.21643e-06     2.72196e-05 
       0.6     3.54133e-07     2.16326e-05     1.90559e-05     1.49434e-05     2.00916e-06      1.8421e-06     1.04975e-05     2.45338e-06     1.45278e-06     1.86682e-06     2.52363e-06     3.42233e-06     3.71754e-06      1.2329e-05     1.73957e-06     3.88274e-05 
       0.7      4.5676e-07     2.85222e-05     2.20026e-05      2.0025e-05     2.68011e-06     2.28778e-06     1.41919e-05     3.33343e-06     1.96688e-06     2.53653e-06      3.4061e-06     4.58295e-06     4.97072e-06     1.67728e-05     2.34377e-06     5.17138e-05 
       0.8     5.64859e-07     3.59411e-05     2.54879e-05      2.6119e-05     3.46409e-06     2.64353e-06     1.85635e-05     4.35013e-06     2.57871e-06     3.31671e-06     4.43636e-06      6.0684e-06     6.39131e-06     2.19671e-05     3.03608e-06     6.56329e-05 
       0.9     6.70753e-07     4.42496e-05     2.95366e-05     3.28709e-05     4.38321e-06     3.16525e-06     2.36441e-05     5.50624e-06     3.29196e-06     4.18363e-06     5.62951e-06     7.65626e-06     7.97031e-06     2.78119e-05     3.84454e-06     8.24864e-05 

 ***  IVARS_LL(H) - Lower Limits on Integrated Variograms: 
         H        factor#1        factor#2        factor#3        -------> 
       0.1     1.79699e-10     3.55632e-08     6.59795e-09     1.59104e-08     1.93876e-09     1.58747e-09     1.01995e-08     2.02556e-09     7.70641e-10      1.6774e-09     1.82038e-09     1.64289e-09     3.71812e-09     1.21195e-08     1.53337e-09     4.20763e-08 
       0.3     3.41955e-09     5.28445e-07      1.2156e-07     2.73836e-07     3.63628e-08     2.89394e-08     1.85496e-07     3.81677e-08     1.39224e-08     3.15604e-08     3.33225e-08     2.54705e-08     6.81723e-08      2.1214e-07     2.87329e-08     7.57159e-07 
       0.5     1.53217e-08     1.97502e-06     5.26857e-07       1.132e-06     1.59759e-07     1.21799e-07     7.97627e-07     1.69183e-07     6.01038e-08     1.39411e-07     1.46425e-07      9.7452e-08      2.9281e-07     9.05949e-07     1.26888e-07     3.25844e-06 

 ***  IVARS_UL(H) - Upper Limits on Integrated Variograms: 
         H        factor#1        factor#2        factor#3        -------> 
       0.1     5.22778e-10     8.23368e-08     3.60808e-08     2.92357e-08     3.91054e-09     6.35372e-09     1.65923e-08     3.50171e-09     2.37659e-09     2.65794e-09     3.77186e-09     6.91939e-09      5.9398e-09     1.96101e-08     2.54211e-09     6.16571e-08 
       0.3     1.01686e-08     9.38001e-07     5.76855e-07     4.90157e-07     6.38257e-08     8.82038e-08     3.00942e-07     6.56635e-08     4.25056e-08     5.02099e-08      6.9937e-08     1.17764e-07     1.07129e-07     3.48464e-07     4.75844e-08     1.10229e-06 
       0.5      4.4826e-08     3.13062e-06     2.43241e-06      1.9804e-06     2.58508e-07     3.00194e-07     1.29597e-06     2.91796e-07     1.80747e-07     2.23167e-07     3.05895e-07     4.63745e-07     4.58358e-07     1.49995e-06      2.0896e-07     4.76258e-06 

 ***  VARS-TO_LL - Lower Limits on Sobol Total-Order Effects calculated through VARS: 
                  factor#1        factor#2        factor#3        -------> 
                0.00142555        0.167902       0.0487264        0.101161        0.014616       0.0110028       0.0731996       0.0158192      0.00548752       0.0130165       0.0135585       0.0080139       0.0267545       0.0830406       0.0117475        0.295497 

 ***  VARS-TO_UL - Lower Limits on Sobol Total-Order Effects calculated through VARS: 
                  factor#1        factor#2        factor#3        -------> 
                0.00402216        0.259905        0.214556        0.172132       0.0226446       0.0238393        0.117987       0.0273211       0.0163068       0.0208244       0.0282145       0.0396449       0.0418862        0.138181       0.0194111         0.43404 

 ***  Reliability Estimates of Factor Rankings based on IVARS: 
         H        factor#1        factor#2        factor#3        -------> 
       0.1               1           0.632           0.301           0.728           0.518           0.307           0.599           0.243           0.832           0.486           0.234           0.376           0.681           0.552           0.547           0.631 
       0.3               1           0.945           0.266           0.736           0.193           0.353           0.572           0.207           0.845             0.5           0.217             0.4            0.77            0.51           0.557           0.963 
       0.5               1            0.96           0.241           0.715           0.331           0.195           0.566            0.28            0.83           0.477            0.24           0.376           0.836           0.489           0.549               1 

 ***  Reliability Estimates of Factor Rankings based on VARS-TO: 
                  factor#1        factor#2        factor#3        -------> 
                         1           0.949           0.205           0.688            0.33           0.304           0.564           0.323           0.811           0.209           0.276           0.332           0.885           0.439           0.481               1 

 ***  Factor Grouping based on VARS-TO & IVARS50: 
                  factor#1        factor#2        factor#3        -------> 
 VARS-TO              2               3               1               1               4               4               1               4               4               4               4               4               4               1               4               3 
 IVARS50              2               1               3               3               4               4               3               4               4               4               4               4               4               3               4               1 

 ***  Reliability Estimates of Rankings based on Factor Grouping: 
                  factor#1        factor#2        factor#3        -------> 
 VARS-TO              1           0.949           0.954           0.994               1               1               1               1               1               1               1           0.999               1               1               1               1 
 IVARS50              1           0.991           0.982           0.999               1           0.998               1               1               1               1               1           0.994               1               1               1           0.998 
