 -------- Variogram Analysis of Response Surfaces (VARS) Output File -------- 
 VARS settings: 
 Target Number of Stars = 100 
 Current Number of Stars = 10 
 minimum h = 0.1 
 Bootstrap Size = 1000 
 Bootstrap Confidence Level = 0.9 

 ***  gamma(h) - Directional Variograms: 
         h        factor#1        factor#2        factor#3        -------> 
       0.1     2.28744e-09     4.94166e-07     7.37798e-08     1.32198e-07     3.96504e-08     2.62875e-08     2.13315e-07     2.19134e-08     5.79786e-09     3.86036e-08      1.4496e-08     2.82024e-09     9.11404e-08     2.64399e-07     3.45763e-08     1.34009e-06 
       0.2     9.10974e-09     1.76226e-06     2.91877e-07     5.22936e-07     1.59046e-07     1.06586e-07     8.27234e-07     8.72163e-08      2.3147e-08     1.55504e-07     5.73223e-08     1.07748e-08      3.5438e-07     1.03551e-06     1.37965e-07     5.05455e-06 
       0.3     2.04076e-08     3.81264e-06     6.48441e-07      1.1697e-06     3.57881e-07     2.42606e-07     1.74677e-06     1.95426e-07     5.19874e-08     3.52096e-07     1.28077e-07     2.35422e-08     7.48008e-07     2.28956e-06     3.09519e-07     1.10195e-05 
       0.4     3.61508e-08     6.63142e-06     1.14058e-06      2.0721e-06     6.35579e-07     4.33797e-07     2.85884e-06     3.46237e-07     9.22793e-08      6.2859e-07     2.26728e-07     4.10742e-08     1.23529e-06       4.015e-06     5.48973e-07     1.86965e-05 
       0.5     5.63758e-08     1.02279e-05     1.77168e-06     3.22905e-06     9.91884e-07     6.77849e-07     4.14194e-06     5.39512e-07      1.4401e-07     9.82928e-07     3.53495e-07      6.3444e-08     1.77401e-06     6.21923e-06     8.56826e-07      2.7942e-05 
       0.6     8.11868e-08     1.45313e-05     2.55128e-06     4.63849e-06      1.4267e-06     9.70998e-07     5.68127e-06     7.75281e-07     2.07193e-07     1.41069e-06     5.08913e-07     9.08596e-08     2.38707e-06     8.92887e-06     1.23422e-06     3.91984e-05 
       0.7     1.10695e-07     1.93051e-05     3.49268e-06     6.29921e-06      1.9397e-06      1.3062e-06     7.56796e-06     1.05376e-06     2.81866e-07     1.90674e-06      6.9386e-07     1.23797e-07      3.1079e-06     1.21794e-05     1.68252e-06      5.2079e-05 
       0.8     1.44953e-07     2.42164e-05     4.60409e-06     8.21585e-06     2.52883e-06     1.67224e-06     9.81725e-06     1.37545e-06     3.68072e-07     2.46747e-06     9.09815e-07     1.63316e-07     3.94029e-06      1.6005e-05     2.20241e-06     6.64799e-05 
       0.9     1.83935e-07     2.95899e-05     5.87758e-06     1.04101e-05     3.18775e-06     2.06418e-06      1.2414e-05      1.7414e-06      4.6585e-07     3.09201e-06     1.15964e-06     2.11666e-07     4.87957e-06      2.0391e-05     2.79272e-06     8.50797e-05 

 ***  COV(h) - Directional Covariograms: 
         h        factor#1        factor#2        factor#3        -------> 
       0.1     1.72562e-05     1.84884e-05     1.47324e-05      1.2388e-05     2.12944e-05     1.36759e-05     1.41724e-05     1.42677e-05     1.72149e-05     1.28363e-05     1.63967e-05     1.69967e-05     2.07359e-05     2.55234e-05     2.09401e-05     3.83478e-05 
       0.2      1.7246e-05     1.65412e-05     1.44132e-05     1.18328e-05     2.11379e-05     1.35544e-05     1.33268e-05     1.41676e-05     1.71898e-05     1.26584e-05     1.63267e-05     1.69978e-05     2.03428e-05     2.43025e-05     2.08009e-05     3.30881e-05 
       0.3     1.72349e-05     1.45184e-05     1.40573e-05     1.11853e-05     2.09399e-05     1.34161e-05     1.24563e-05     1.40594e-05      1.7161e-05     1.24604e-05      1.6257e-05     1.69866e-05     1.99619e-05     2.30583e-05     2.06298e-05     2.71346e-05 
       0.4     1.72227e-05     1.23989e-05     1.36669e-05     1.04477e-05        2.07e-05     1.32639e-05     1.16104e-05     1.39432e-05     1.71284e-05     1.22436e-05     1.61867e-05     1.69618e-05     1.96014e-05      2.1789e-05     2.04267e-05     2.13244e-05 
       0.5     1.72092e-05     1.01453e-05     1.32405e-05     9.62239e-06     2.04179e-05     1.31027e-05      1.0781e-05     1.38194e-05     1.70922e-05     1.20108e-05     1.61156e-05     1.69234e-05     1.92971e-05     2.04808e-05      2.0191e-05     1.55333e-05 
       0.6     1.71945e-05     7.85618e-06     1.27681e-05     8.71045e-06     2.00946e-05     1.29339e-05     9.92219e-06     1.36878e-05     1.70523e-05     1.17653e-05     1.60436e-05     1.68719e-05     1.90356e-05     1.91152e-05     1.99217e-05     9.45861e-06 
       0.7     1.71788e-05     5.83315e-06     1.22346e-05     7.71073e-06     1.97315e-05     1.27586e-05     9.03453e-06     1.35482e-05     1.70087e-05     1.15098e-05     1.59711e-05     1.68087e-05     1.88061e-05     1.76758e-05     1.96183e-05     3.81264e-06 
       0.8     1.71626e-05      4.4358e-06     1.16365e-05     6.61859e-06     1.93326e-05     1.25866e-05     8.18129e-06     1.33998e-05     1.69613e-05     1.12453e-05     1.58994e-05     1.67365e-05     1.86265e-05     1.61432e-05     1.92812e-05     -1.6738e-06 
       0.9      1.7146e-05     3.29866e-06     1.09887e-05     5.42281e-06     1.89039e-05     1.24218e-05     7.34343e-06     1.32417e-05     1.69102e-05     1.09711e-05     1.58303e-05     1.66611e-05     1.83884e-05     1.45192e-05     1.89132e-05    -7.51775e-06 

 ***  ECOV(h) - Directional Expected Covariograms: 
         h        factor#1        factor#2        factor#3        -------> 
       0.1     2.89381e-08     5.11795e-06     9.10324e-07     1.65082e-06      5.0912e-07     3.47338e-07     2.06581e-06     2.76252e-07     7.38525e-08      5.0325e-07     1.81154e-07      3.2188e-08     8.72036e-07     3.17857e-06     4.39982e-07     1.39597e-05 
       0.2     1.91066e-08     3.34408e-06     5.97031e-07     1.09103e-06     3.36662e-07     2.31087e-07     1.25419e-06     1.82467e-07      4.8851e-08     3.34526e-07     1.19647e-07     2.10427e-08     5.26318e-07     2.07993e-06     2.90776e-07     8.99106e-06 
       0.3      7.8452e-09     1.26122e-06     2.43975e-07     4.45531e-07     1.37674e-07     9.26113e-08     3.72404e-07     7.44953e-08     2.00391e-08     1.36529e-07     4.92437e-08     8.51599e-09     1.48536e-07     8.40972e-07     1.19625e-07      3.0915e-06 
       0.4    -4.85823e-09    -1.06078e-06    -1.50416e-07    -2.85535e-07     -8.7338e-08     -6.4604e-08    -5.15706e-07    -4.75812e-08    -1.25737e-08      -8.933e-08    -3.03178e-08    -5.53427e-09    -2.48717e-07    -5.44365e-07    -7.37256e-08    -3.16172e-06 
       0.5    -1.90603e-08    -3.62337e-06    -5.91505e-07     -1.1004e-06    -3.38311e-07    -2.38033e-07    -1.41983e-06     -1.8366e-07    -4.89826e-08    -3.40283e-07    -1.19296e-07    -2.11806e-08    -6.37905e-07     -2.0886e-06    -2.89996e-07    -9.69018e-06 
       0.6     -3.4837e-08    -6.37604e-06    -1.08608e-06    -1.99672e-06    -6.15134e-07    -4.25247e-07     -2.3907e-06    -3.33634e-07    -8.91839e-08    -6.12971e-07    -2.18032e-07     -3.8511e-08    -1.02667e-06    -3.80824e-06    -5.30015e-07    -1.68709e-05 
       0.7    -5.22334e-08     -9.1291e-06    -1.64106e-06    -2.97259e-06    -9.17424e-07    -6.22323e-07    -3.43902e-06    -4.97402e-07     -1.3317e-07    -9.04717e-07    -3.26947e-07    -5.77219e-08    -1.41282e-06    -5.71521e-06    -7.94427e-07    -2.41652e-05 
       0.8    -7.12407e-08    -1.16193e-05    -2.25883e-06    -4.02845e-06    -1.24381e-06    -8.23851e-07     -4.5324e-06    -6.74921e-07    -1.80928e-07    -1.21436e-06    -4.46701e-07    -7.92686e-08    -1.78255e-06    -7.81365e-06    -1.08323e-06    -3.14031e-05 
       0.9    -9.18096e-08    -1.40538e-05    -2.93273e-06    -5.17083e-06    -1.59096e-06    -1.02864e-06    -5.70504e-06    -8.66367e-07    -2.32432e-07    -1.54224e-06    -5.78505e-07    -1.04107e-07     -2.1871e-06    -1.00715e-05    -1.39544e-06     -4.0259e-05 

 ***  IVARS(H) - Integrated Variograms: 
         H        factor#1        factor#2        factor#3        -------> 
       0.1     1.14372e-10     2.47083e-08     3.68899e-09     6.60992e-09     1.98252e-09     1.31437e-09     1.06657e-08     1.09567e-09     2.89893e-10     1.93018e-09     7.24802e-10     1.41012e-10     4.55702e-09       1.322e-08     1.72882e-09     6.70047e-08 
       0.3      2.1601e-09     4.16275e-07     6.89878e-08     1.23998e-07     3.77637e-08     2.54177e-08     1.91394e-07     2.06843e-08     5.49385e-09     3.70156e-08     1.35857e-08     2.53661e-09     8.19525e-08      2.4447e-07       3.273e-08     1.19044e-06 
       0.5     9.61435e-09     1.78144e-06     3.04052e-07     5.51146e-07      1.6881e-07      1.1482e-07     7.71713e-07     9.20549e-08     2.45216e-08     1.66626e-07      6.0337e-08     1.09933e-08     3.31583e-07     1.07141e-06     1.45945e-07     5.00817e-06 

 ***  Factor Rankings based on IVARS: 
         H        factor#1        factor#2        factor#3        -------> 
       0.1              16               2               7               5               8              11               4              12              14               9              13              15               6               3              10               1 
       0.3              16               2               7               5               8              11               4              12              14               9              13              15               6               3              10               1 
       0.5              16               2               7               5               8              11               4              12              14               9              13              15               6               3              10               1 

 ***  VARS-TO - Sobol Total-Order Effects calculated through VARS: 
                  factor#1        factor#2        factor#3        -------> 
                0.00161516        0.290289       0.0509033       0.0922277       0.0283854       0.0193259        0.117889       0.0154228      0.00411995       0.0280277       0.0101201      0.00181082       0.0498208        0.178089       0.0245468        0.791388 

 ***  Factor Rankings based on VARS-TO: 
                  factor#1        factor#2        factor#3        -------> 
                        16               2               6               5               8              11               4              12              14               9              13              15               7               3              10               1 

 ***  VARS-ABE - Morris mean ABsolute Elementary effects across scales: 
   delta x        factor#1        factor#2        factor#3        -------> 
       0.1     5.44826e-05     0.000788799     0.000297685     0.000413644     0.000219874     0.000183364     0.000498055     0.000163488     7.94651e-05     0.000220545     0.000112337     5.01729e-05     0.000314864     0.000557082     0.000205683      0.00125842 
       0.2     0.000108673      0.00149736     0.000593204     0.000821959     0.000440608     0.000371697     0.000983928     0.000326579     0.000158956     0.000442825     0.000223345     9.81787e-05     0.000627655      0.00110524     0.000410811      0.00250315 
       0.3     0.000162614      0.00218526     0.000885796      0.00122826     0.000661409     0.000563999       0.0014403     0.000489565     0.000238457     0.000666629     0.000333706      0.00014505     0.000919161      0.00165123     0.000615319      0.00369107 
       0.4      0.00021644      0.00290993      0.00117703      0.00163439     0.000882121     0.000756432      0.00186694     0.000652569     0.000317958     0.000891129     0.000443944     0.000191597      0.00119468      0.00219527     0.000819529      0.00479276 
       0.5     0.000270377      0.00364344      0.00146949      0.00204169      0.00110274     0.000947081      0.00228499     0.000815646     0.000397453      0.00111496     0.000554521     0.000238235      0.00144983      0.00274117        0.001024       0.0058321 
       0.6     0.000324661       0.0043649      0.00176554      0.00245158      0.00132318      0.00113465      0.00270178     0.000978853     0.000476936      0.00133669     0.000665916     0.000285652      0.00167757      0.00329291      0.00122929      0.00680874 
       0.7     0.000379432      0.00505816      0.00206686      0.00286595      0.00154329        0.001316      0.00314426      0.00114232       0.0005564      0.00155547     0.000778646     0.000334482      0.00191241      0.00385287      0.00143574      0.00768958 
       0.8     0.000434691      0.00569571      0.00237282      0.00328784      0.00176243      0.00148679      0.00361834      0.00130632     0.000635825       0.0017713     0.000893379     0.000387095      0.00215637      0.00442096      0.00164324      0.00857027 
       0.9     0.000490343      0.00632329      0.00267917      0.00372279      0.00197887      0.00164703      0.00407095      0.00147139     0.000715186       0.0019849      0.00101104     0.000444384      0.00239101      0.00498614      0.00185115      0.00959699 

 ***  VARS-ACE - Morris mean ACtual Elementary effects across scales: 
   delta x        factor#1        factor#2        factor#3        -------> 
       0.1     5.44826e-05    -0.000702587    -0.000297685    -0.000413644    -0.000219874     0.000183003      0.00036151     0.000163488     7.94651e-05     0.000220545     0.000110898     4.32608e-05     0.000226116     0.000554015    -0.000205683    -0.000958306 
       0.2     0.000108673     -0.00142393    -0.000593204    -0.000821959    -0.000440608     0.000371697     0.000716176     0.000326579     0.000158956     0.000442825     0.000220572     8.47471e-05     0.000447684      0.00110524    -0.000410811     -0.00189048 
       0.3     0.000162614     -0.00216778    -0.000885796     -0.00122826    -0.000661409     0.000563999      0.00107824     0.000489565     0.000238457     0.000666629     0.000329689     0.000125512     0.000679328      0.00165123    -0.000615319      -0.0028911 
       0.4      0.00021644     -0.00290993     -0.00117703     -0.00163439    -0.000882121     0.000756432       0.0014478     0.000652569     0.000317958     0.000891129     0.000438681     0.000166209     0.000914878      0.00219527    -0.000819529     -0.00391173 
       0.5     0.000270377     -0.00364344     -0.00146949     -0.00204169     -0.00110274     0.000947081      0.00181629     0.000815646     0.000397453      0.00111496     0.000547973     0.000207314      0.00115248      0.00274117       -0.001024     -0.00490783 
       0.6     0.000324661      -0.0043649     -0.00176554     -0.00245158     -0.00132318      0.00113465       0.0021717     0.000978853     0.000476936      0.00133669     0.000658022     0.000249313      0.00137232      0.00329291     -0.00122929     -0.00586759 
       0.7     0.000379432     -0.00505816     -0.00206686     -0.00286595     -0.00154329        0.001316      0.00251589      0.00114232       0.0005564      0.00155547     0.000769275     0.000292862       0.0015851      0.00385287     -0.00143574     -0.00674591 
       0.8     0.000434691     -0.00569571     -0.00237282     -0.00328784     -0.00176243      0.00148679      0.00286471      0.00130632     0.000635825       0.0017713     0.000882289     0.000338988      0.00179074      0.00442096     -0.00164324     -0.00756193 
       0.9     0.000490343     -0.00632329     -0.00267917     -0.00372279     -0.00197887      0.00164703      0.00325359      0.00147139     0.000715186       0.0019849     0.000998083     0.000389347      0.00203504      0.00498614     -0.00185115     -0.00862475 

 ********         Bootstrapping Results        ******** 
 ***  gamma_LL(h) - Lower Limits on Directional Variograms: 
         h        factor#1        factor#2        factor#3        -------> 
       0.1     9.11185e-10     2.23959e-07     2.75112e-08      5.1406e-08      1.4479e-08     1.06099e-08     9.42343e-08     8.11851e-09     1.53504e-09     1.51617e-08     3.60909e-09     7.10583e-10     3.08283e-08     9.98792e-08     1.21269e-08      5.4436e-07 
       0.2     3.60958e-09     7.78277e-07     1.08567e-07     2.01431e-07     5.82982e-08     4.34461e-08     3.61945e-07     3.22991e-08     6.16281e-09     6.11513e-08     1.40746e-08     2.55437e-09     1.24337e-07     3.87326e-07     4.84148e-08     2.09849e-06 
       0.3     8.00052e-09     1.66104e-06     2.39613e-07     4.40262e-07     1.31609e-07     9.98625e-08     7.82311e-07     7.22989e-08     1.39015e-08     1.38269e-07      3.1194e-08     5.38916e-09     2.75954e-07     8.48315e-07     1.08772e-07     4.34636e-06 
       0.4     1.40254e-08     2.86554e-06     4.19072e-07     7.73573e-07     2.34131e-07     1.80221e-07     1.29416e-06     1.27629e-07     2.47385e-08     2.46586e-07     5.52026e-08      8.9689e-09     4.54014e-07     1.48499e-06      1.9291e-07     6.66857e-06 
       0.5     2.17611e-08     4.37641e-06     6.49918e-07     1.19603e-06      3.6541e-07     2.82098e-07     1.88248e-06     1.98478e-07     3.86221e-08     3.85605e-07     8.59353e-08     1.34121e-08     6.62325e-07     2.29331e-06     3.00974e-07      8.9385e-06 
       0.6     3.13469e-08     6.19527e-06     9.36273e-07     1.71364e-06     5.24885e-07     4.02054e-07       2.502e-06     2.85151e-07     5.54599e-08     5.53398e-07     1.23555e-07     1.87747e-08     8.58095e-07     3.28571e-06     4.33377e-07     1.16334e-05 
       0.7      4.2983e-08     8.17569e-06     1.27798e-06     2.33569e-06     7.11671e-07     5.33416e-07     3.20254e-06     3.88123e-07      7.5124e-08     7.47778e-07     1.67923e-07     2.47577e-08     1.03089e-06     4.47721e-06     5.90406e-07     1.48281e-05 
       0.8     5.69021e-08     9.94331e-06     1.69511e-06     3.07443e-06     9.24205e-07     6.72344e-07     3.99836e-06     5.06117e-07     9.74641e-08      9.6951e-07     2.22591e-07     3.16124e-08     1.21435e-06     5.89175e-06      7.7133e-07     1.80296e-05 
       0.9     7.26928e-08     1.09753e-05     2.18447e-06     3.94717e-06     1.16049e-06     8.19773e-07      4.9138e-06     6.38769e-07      1.2233e-07      1.2183e-06     2.88058e-07     4.01109e-08     1.42162e-06     7.41106e-06     9.80799e-07     2.20761e-05 

 ***  gamma_UL(h) - Upper Limits on Directional Variograms: 
         h        factor#1        factor#2        factor#3        -------> 
       0.1     3.99895e-09     7.94977e-07     1.28487e-07     2.32403e-07     6.87692e-08     4.54265e-08      3.4279e-07     4.08553e-08     1.10773e-08     6.58864e-08     2.78691e-08     5.29749e-09      1.5802e-07     4.51814e-07     6.04713e-08     2.19811e-06 
       0.2     1.60037e-08     2.89998e-06     5.11159e-07     9.31053e-07     2.75412e-07     1.83622e-07     1.32998e-06     1.62454e-07     4.42929e-08     2.63881e-07      1.1068e-07     2.03884e-08     6.13808e-07      1.7821e-06     2.41353e-07     8.27095e-06 
       0.3     3.59183e-08     6.33547e-06     1.14194e-06     2.09611e-06     6.19172e-07     4.15739e-07     2.81015e-06     3.63848e-07     9.96381e-08     5.95313e-07     2.47657e-07     4.47719e-08     1.27241e-06     3.94874e-06     5.42473e-07     1.81513e-05 
       0.4     6.36877e-08     1.11023e-05     2.01918e-06     3.72943e-06     1.10027e-06     7.39901e-07     4.72689e-06     6.44688e-07      1.7711e-07     1.05958e-06     4.39005e-07     7.84639e-08     2.10115e-06     6.94414e-06        9.62e-07     3.10863e-05 
       0.5     9.94482e-08     1.71962e-05     3.14898e-06     5.81824e-06     1.71807e-06     1.15638e-06     6.90797e-06     1.00519e-06     2.76702e-07     1.65502e-06     6.84699e-07     1.21604e-07      3.1065e-06     1.07723e-05     1.50138e-06     4.70252e-05 
       0.6     1.43173e-07     2.44287e-05     4.53453e-06      8.3595e-06     2.47211e-06     1.66044e-06     9.63292e-06     1.44612e-06     3.98403e-07     2.37915e-06     9.85726e-07     1.75035e-07     4.31686e-06     1.54567e-05     2.16319e-06     6.73011e-05 
       0.7     1.94918e-07     3.26957e-05     6.17581e-06     1.13553e-05     3.36286e-06     2.24333e-06     1.29614e-05     1.96885e-06      5.4221e-07     3.22556e-06     1.34301e-06     2.39223e-07     5.77356e-06     2.10695e-05     2.94979e-06     9.04711e-05 
       0.8     2.55048e-07     4.17878e-05     8.10507e-06     1.47573e-05     4.38648e-06      2.8945e-06     1.68479e-05     2.57542e-06     7.08215e-07     4.19533e-06      1.7594e-06     3.17846e-07     7.48058e-06     2.76099e-05      3.8547e-06     0.000116213 
       0.9      3.2305e-07     5.18835e-05     1.03243e-05     1.86196e-05     5.50732e-06     3.61122e-06     2.17472e-05     3.26863e-06     8.96564e-07     5.29152e-06      2.2357e-06     4.15988e-07     9.43013e-06     3.50737e-05     4.88331e-06     0.000149829 

 ***  IVARS_LL(H) - Lower Limits on Integrated Variograms: 
         H        factor#1        factor#2        factor#3        -------> 
       0.1     4.55592e-11      1.1198e-08     1.37556e-09      2.5703e-09     7.23952e-10     5.30496e-10     4.71171e-09     4.05925e-10     7.67522e-11     7.58087e-10     1.80455e-10     3.55292e-11     1.54142e-09     4.99396e-09     6.06343e-10      2.7218e-08 
       0.3     8.54638e-10     1.83981e-07     2.55885e-08      4.7453e-08     1.38582e-08      1.0349e-08     8.47335e-08     7.66198e-09     1.46486e-09     1.45605e-08     3.33095e-09     5.99899e-10     2.96255e-08     9.11952e-08     1.14878e-08     4.81492e-07 
       0.5     3.74628e-09     7.73324e-07     1.11979e-07     2.06515e-07     6.21222e-08     4.74654e-08     3.48664e-07      3.3978e-08     6.56489e-09     6.53479e-08     1.46389e-08     2.44029e-09     1.21427e-07     3.96343e-07     5.12661e-08     1.80908e-06 

 ***  IVARS_UL(H) - Upper Limits on Integrated Variograms: 
         H        factor#1        factor#2        factor#3        -------> 
       0.1     1.99947e-10     3.97489e-08     6.42434e-09     1.16202e-08     3.43846e-09     2.27133e-09     1.71395e-08     2.04276e-09     5.53866e-10     3.29432e-09     1.39345e-09     2.64874e-10       7.901e-09     2.25907e-08     3.02357e-09     1.09906e-07 
       0.3     3.79867e-09     6.85235e-07     1.20854e-07     2.21231e-07      6.5376e-08     4.36764e-08     3.07813e-07     3.85233e-08     1.05189e-08     6.27003e-08     2.62568e-08     4.80833e-09     1.40878e-07     4.21073e-07     5.72957e-08     1.95285e-06 
       0.5     1.69235e-08     2.96893e-06     5.36869e-07     9.91178e-07     2.92246e-07     1.96435e-07      1.2635e-06     1.71444e-07      4.7047e-08     2.81309e-07     1.16717e-07     2.09674e-08     5.62088e-07     1.85192e-06      2.5583e-07     8.29927e-06 

 ***  VARS-TO_LL - Lower Limits on Sobol Total-Order Effects calculated through VARS: 
                  factor#1        factor#2        factor#3        -------> 
               0.000624617        0.123971       0.0186843       0.0341485       0.0104429      0.00801361       0.0530097       0.0056766      0.00110278       0.0109956       0.0024627     0.000377146       0.0184575       0.0656369      0.00862553        0.247466 

 ***  VARS-TO_UL - Lower Limits on Sobol Total-Order Effects calculated through VARS: 
                  factor#1        factor#2        factor#3        -------> 
                0.00284621        0.487538       0.0902346        0.166177       0.0491527       0.0330178        0.197334       0.0287598      0.00791878       0.0472895          0.0196      0.00348341       0.0878342        0.308106       0.0430165         1.33951 

 ***  Reliability Estimates of Factor Rankings based on IVARS: 
         H        factor#1        factor#2        factor#3        -------> 
       0.1           0.761           0.999           0.658           0.758           0.752           0.879           0.743           0.985           0.954           0.774           0.975           0.765           0.489           0.784           0.874               1 
       0.3           0.706           0.999           0.696           0.792           0.656           0.871           0.773           0.988           0.956           0.684           0.977            0.71           0.568           0.818           0.869               1 
       0.5           0.672           0.995           0.734           0.843           0.624           0.862           0.844           0.991           0.955           0.659           0.979           0.673           0.673           0.898           0.862           0.997 

 ***  Reliability Estimates of Factor Rankings based on VARS-TO: 
                  factor#1        factor#2        factor#3        -------> 
                     0.646           0.975           0.641           0.861            0.62           0.862           0.871            0.99           0.953           0.654           0.976           0.647           0.624           0.951           0.862           0.979 

 ***  Factor Grouping based on VARS-TO & IVARS50: 
                  factor#1        factor#2        factor#3        -------> 
 VARS-TO              3               2               4               4               1               1               4               1               3               1               3               3               4               2               1               2 
 IVARS50              3               4               2               2               5               5               4               5               3               5               5               3               2               4               5               1 

 ***  Reliability Estimates of Rankings based on Factor Grouping: 
                  factor#1        factor#2        factor#3        -------> 
 VARS-TO              1               1               1           0.987               1           0.996            0.97           0.998               1               1           0.998               1           0.996           0.957               1               1 
 IVARS50              1               1               1            0.94               1           0.996           0.952               1           0.982               1           0.982               1           0.989           0.981               1               1 
