 -------- Variogram Analysis of Response Surfaces (VARS) Output File -------- 
 VARS settings: 
 Target Number of Stars = 100 
 Current Number of Stars = 30 
 minimum h = 0.1 
 Bootstrap Size = 1000 
 Bootstrap Confidence Level = 0.9 

 ***  gamma(h) - Directional Variograms: 
         h        factor#1        factor#2        factor#3        -------> 
       0.1     3.76049e-09      5.1337e-07     7.20642e-07     3.62707e-07     4.84619e-08     3.96277e-08     2.84694e-07     4.77108e-08     9.65156e-09     4.69401e-08     4.58171e-08     2.62688e-08     9.63331e-08     3.46146e-07     4.52995e-08     1.18092e-06 
       0.2     1.50445e-08     1.97022e-06     2.43726e-06     1.32929e-06     1.93683e-07     1.57764e-07     1.10155e-06     1.89202e-07     3.81867e-08     1.87832e-07      1.8151e-07     8.93049e-08     3.80915e-07     1.31083e-06     1.80858e-07      4.5624e-06 
       0.3     3.38279e-08     4.36189e-06     5.13543e-06     2.81007e-06     4.35028e-07     3.53283e-07     2.39765e-06     4.22938e-07     8.52203e-08     4.22606e-07     4.05502e-07     1.74471e-07     8.38731e-07     2.83464e-06     4.06204e-07     1.01968e-05 
       0.4     6.00439e-08     7.67942e-06     8.99076e-06     4.79797e-06     7.71928e-07     6.24506e-07     4.12663e-06     7.48391e-07     1.50611e-07     7.50855e-07     7.17205e-07      2.7849e-07     1.45695e-06      4.9471e-06     7.21132e-07     1.77163e-05 
       0.5     9.35857e-08     1.19148e-05     1.38076e-05     7.31086e-06     1.20423e-06     9.70187e-07     6.28515e-06     1.16591e-06     2.34401e-07      1.1717e-06      1.1168e-06      4.0458e-07     2.22153e-06     7.65374e-06     1.12582e-06     2.70573e-05 
       0.6     1.34316e-07     1.70187e-05     1.89045e-05     1.03742e-05     1.73218e-06     1.38943e-06     8.92052e-06     1.67674e-06     3.36801e-07     1.68388e-06     1.60525e-06     5.60107e-07     3.14073e-06      1.0968e-05     1.62076e-06     3.84937e-05 
       0.7      1.8208e-07     2.29015e-05     2.11513e-05     1.40355e-05     2.35616e-06     1.88104e-06     1.20944e-05     2.28307e-06     4.58203e-07     2.28615e-06     2.18448e-06     7.57593e-07     4.22683e-06     1.49092e-05     2.20665e-06     5.16525e-05 
       0.8      2.3672e-07     2.94807e-05     2.39067e-05     1.84019e-05     3.07614e-06     2.44344e-06      1.5847e-05     2.98827e-06      5.9924e-07     2.97781e-06     2.85767e-06      1.0174e-06     5.48254e-06     1.95359e-05     2.88406e-06     6.58874e-05 
       0.9     2.98119e-07     3.69126e-05     2.67975e-05     2.36896e-05     3.89036e-06     3.07719e-06     2.02121e-05     3.79726e-06     7.60878e-07     3.75884e-06     3.62998e-06     1.36762e-06     6.90823e-06     2.49667e-05     3.65303e-06     8.34438e-05 

 ***  COV(h) - Directional Covariograms: 
         h        factor#1        factor#2        factor#3        -------> 
       0.1     4.04564e-05     2.57991e-05     8.53072e-05     3.22603e-05     3.90563e-05     3.73826e-05      3.5175e-05     3.68502e-05     4.00692e-05     4.37085e-05      4.0827e-05     4.17584e-05     3.31849e-05     5.11914e-05     4.65574e-05     3.52114e-05 
       0.2     4.04318e-05     2.36561e-05     8.33713e-05      3.1034e-05     3.88586e-05     3.71939e-05     3.39297e-05     3.66093e-05     4.00423e-05     4.34828e-05     4.05928e-05     4.17251e-05     3.27616e-05     4.96841e-05     4.63711e-05     3.04537e-05 
       0.3     4.04127e-05     2.12624e-05     8.01874e-05     2.95741e-05     3.86171e-05     3.70003e-05     3.26649e-05     3.63765e-05     3.99951e-05     4.32469e-05     4.03699e-05     4.16438e-05     3.23113e-05      4.8189e-05     4.61465e-05     2.47758e-05 
       0.4     4.03996e-05      1.8639e-05     7.48748e-05     2.78764e-05     3.83323e-05     3.68006e-05     3.13903e-05     3.61514e-05     3.99279e-05     4.30023e-05     4.01578e-05     4.15138e-05     3.18368e-05     4.66297e-05      4.5883e-05     1.88219e-05 
       0.5     4.03927e-05     1.57982e-05     7.23196e-05     2.59302e-05     3.80042e-05     3.65951e-05     3.00931e-05     3.59335e-05     3.98407e-05     4.27503e-05     3.99561e-05     4.13316e-05     3.13464e-05     4.50563e-05     4.55802e-05     1.24463e-05 
       0.6     4.03919e-05     1.27861e-05     7.06152e-05      2.3717e-05     3.76326e-05     3.63862e-05     2.87497e-05     3.57221e-05     3.97332e-05     4.24914e-05     3.97645e-05     4.10918e-05     3.08386e-05     4.34419e-05     4.52381e-05     5.45803e-06 
       0.7     4.03969e-05     9.68518e-06      6.6853e-05     2.12052e-05     3.72171e-05     3.61782e-05     2.73539e-05     3.55163e-05     3.96047e-05     4.22251e-05     3.95825e-05     4.07869e-05     3.03163e-05     4.17358e-05     4.48572e-05    -1.57662e-06 
       0.8     4.04074e-05     6.57894e-06      6.3495e-05     1.83505e-05     3.67571e-05     3.59764e-05     2.59192e-05     3.53146e-05     3.94544e-05     4.19496e-05     3.94093e-05     4.04058e-05     2.97871e-05     4.00345e-05     4.44384e-05    -8.43376e-06 
       0.9     4.04227e-05     3.40527e-06     6.02242e-05     1.51146e-05     3.62517e-05     3.57761e-05      2.4433e-05     3.51153e-05     3.92809e-05     4.16621e-05     3.92434e-05     3.99314e-05     2.92403e-05     3.82959e-05     4.39829e-05     -1.5939e-05 

 ***  ECOV(h) - Directional Expected Covariograms: 
         h        factor#1        factor#2        factor#3        -------> 
       0.1     4.79171e-08     6.04106e-06     6.63556e-06     3.65772e-06     6.17659e-07     4.95852e-07      3.1859e-06     5.97112e-07     1.19917e-07     6.00438e-07     5.71613e-07     1.94696e-07     1.12638e-06     3.88911e-06     5.77725e-07     1.36963e-05 
       0.2       3.169e-08     3.97545e-06     4.51192e-06     2.34043e-06     4.08353e-07     3.26889e-07     2.04936e-06     3.94065e-07     7.90543e-08     3.97483e-07     3.77102e-07     1.15419e-07     7.27823e-07     2.53238e-06     3.82184e-07     9.01903e-06 
       0.3      1.2874e-08      1.5771e-06     1.64245e-06     8.96858e-07     1.67232e-07     1.31257e-07     7.79816e-07     1.61393e-07     3.22491e-08     1.62509e-07     1.54135e-07     3.74496e-08     2.75911e-07     1.02472e-06     1.57098e-07     3.34928e-06 
       0.4    -8.42835e-09    -1.12991e-06    -2.22652e-06    -6.95217e-07    -1.05472e-07    -8.91289e-08    -6.06601e-07      -1.014e-07    -2.05729e-08    -1.03847e-07    -9.76581e-08    -4.27498e-08    -2.25196e-07    -6.75311e-07    -9.76244e-08    -2.78044e-06 
       0.5    -3.21007e-08    -4.13042e-06    -5.83566e-06     -2.4507e-06    -4.09766e-07    -3.33094e-07    -2.12085e-06    -3.94843e-07    -7.94862e-08    -4.00596e-07    -3.78598e-07    -1.28948e-07    -7.66498e-07    -2.57306e-06    -3.82257e-07    -9.37247e-06 
       0.6    -5.80273e-08    -7.38199e-06      -9.121e-06    -4.37794e-06    -7.45691e-07    -5.99764e-07    -3.78982e-06    -7.19553e-07     -1.4457e-07    -7.26622e-07    -6.89075e-07    -2.24637e-07    -1.35079e-06    -4.67396e-06    -6.97123e-07    -1.66854e-05 
       0.7    -8.61008e-08    -1.08112e-05    -1.03932e-05    -6.48445e-06    -1.11321e-06    -8.87996e-07    -5.62744e-06    -1.07628e-06    -2.15916e-07    -1.08105e-06    -1.02964e-06    -3.33301e-07    -1.97756e-06    -6.97882e-06    -1.04249e-06    -2.43108e-05 
       0.8    -1.16233e-07    -1.43415e-05    -1.18437e-05       -8.78e-06    -1.51194e-06    -1.19659e-06    -7.62917e-06    -1.46599e-06     -2.9363e-07    -1.46352e-06    -1.40113e-06    -4.58131e-07    -2.64234e-06    -9.50539e-06    -1.41842e-06    -3.17891e-05 
       0.9    -1.48367e-07    -1.80586e-05    -1.32839e-05    -1.12718e-05    -1.94077e-06    -1.52558e-06    -9.80445e-06    -1.88998e-06    -3.77846e-07    -1.87415e-06    -1.80486e-06    -5.99977e-07    -3.36238e-06    -1.22773e-05    -1.82464e-06    -4.04905e-05 

 ***  IVARS(H) - Integrated Variograms: 
         H        factor#1        factor#2        factor#3        -------> 
       0.1     1.88024e-10     2.56685e-08     3.60321e-08     1.81354e-08      2.4231e-09     1.98139e-09     1.42347e-08     2.38554e-09     4.82578e-10     2.34701e-09     2.29086e-09     1.31344e-09     4.81665e-09     1.73073e-08     2.26498e-09     5.90462e-08 
       0.3     3.57189e-09     4.66453e-07     5.72561e-07     3.09704e-07     4.59659e-08     3.74033e-08     2.58507e-07     4.48382e-08     9.04484e-09     4.46075e-08     4.30078e-08     2.02809e-08     8.96614e-08      3.0743e-07     4.29259e-08     1.08418e-06 
       0.5      1.5947e-08     2.04823e-06     2.41879e-06     1.29555e-06     2.05122e-07     1.66027e-07     1.10531e-06      1.9912e-07      4.0087e-08     1.99409e-07     1.90843e-07     7.70825e-08      3.8837e-07     1.32656e-06      1.9164e-07     4.71851e-06 

 ***  Factor Rankings based on IVARS: 
         H        factor#1        factor#2        factor#3        -------> 
       0.1              16               3               2               4               8              13               6               9              15              10              11              14               7               5              12               1 
       0.3              16               3               2               4               8              13               6               9              15              10              11              14               7               5              12               1 
       0.5              16               3               2               5               8              13               6              10              15               9              12              14               7               4              11               1 

 ***  VARS-TO - Sobol Total-Order Effects calculated through VARS: 
                  factor#1        factor#2        factor#3        -------> 
                0.00121504        0.154108        0.172959       0.0945282       0.0156618       0.0125902       0.0816008       0.0151611      0.00304641       0.0152212        0.014517      0.00519532       0.0287486       0.0995795       0.0146486        0.349793 

 ***  Factor Rankings based on VARS-TO: 
                  factor#1        factor#2        factor#3        -------> 
                        16               3               2               5               8              13               6              10              15               9              12              14               7               4              11               1 

 ***  VARS-ABE - Morris mean ABsolute Elementary effects across scales: 
   delta x        factor#1        factor#2        factor#3        -------> 
       0.1     7.10469e-05     0.000811689     0.000491731     0.000628632     0.000239218     0.000224158      0.00056867      0.00022796     0.000109413      0.00023619     0.000191203     0.000116181      0.00032555     0.000611733     0.000225304      0.00124338 
       0.2     0.000142359      0.00159409      0.00099207      0.00123786     0.000478265     0.000448142      0.00112131     0.000454932     0.000218131     0.000472801     0.000380891     0.000224811     0.000649814      0.00119814     0.000449811      0.00247816 
       0.3     0.000213928      0.00237014      0.00151637      0.00183677     0.000716534     0.000670205      0.00166106     0.000681441     0.000326477      0.00070947     0.000569758     0.000328774     0.000966465      0.00175462     0.000673668      0.00371399 
       0.4     0.000285556      0.00316255      0.00206406      0.00243394     0.000954319      0.00088993      0.00218739     0.000907872      0.00043474     0.000946472     0.000758434     0.000431387      0.00127687      0.00232303     0.000897182      0.00489477 
       0.5     0.000357085      0.00395697      0.00259077      0.00303639       0.0011917      0.00110531      0.00271038      0.00113455     0.000543193      0.00118313     0.000947244     0.000535667      0.00158008       0.0029026      0.00112083      0.00604285 
       0.6     0.000428335      0.00474382       0.0030806      0.00365091       0.0014297      0.00131631      0.00323455      0.00136181      0.00065211      0.00141918      0.00113676     0.000644617      0.00187281      0.00348245      0.00134501      0.00717835 
       0.7     0.000499143      0.00551634      0.00345616      0.00428579      0.00166772       0.0015236      0.00377279      0.00159003      0.00076178      0.00165444      0.00132789     0.000761665      0.00216743      0.00405422      0.00157014      0.00828016 
       0.8     0.000569372      0.00626659      0.00383462      0.00495144      0.00190631      0.00172396      0.00432615      0.00181973     0.000872524      0.00188878      0.00152126     0.000890113       0.0024642      0.00462769      0.00179597       0.0093146 
       0.9     0.000638935      0.00701873      0.00420715      0.00565768      0.00214376      0.00192427      0.00486718      0.00205164     0.000984718      0.00212198      0.00171786      0.00103122      0.00276224       0.0052514      0.00202215       0.0104555 

 ***  VARS-ACE - Morris mean ACtual Elementary effects across scales: 
   delta x        factor#1        factor#2        factor#3        -------> 
       0.1     7.09927e-05    -0.000779859    -0.000467461    -0.000628632    -0.000237564     0.000212944     0.000510526      0.00022796     0.000109413     0.000235776     0.000189778      0.00011013     0.000293731     0.000572222    -0.000224055     -0.00112572 
       0.2     0.000142343     -0.00156665    -0.000958656     -0.00123786     -0.00047505     0.000426601      0.00101873     0.000454932     0.000218131     0.000472196     0.000378189      0.00021301     0.000585085      0.00114181    -0.000447251     -0.00224462 
       0.3     0.000213919     -0.00236414     -0.00148121     -0.00183677     -0.00071223     0.000640569      0.00152715     0.000681441     0.000326477     0.000709047     0.000565986     0.000311478     0.000879418      0.00171251    -0.000669825     -0.00341383 
       0.4     0.000285556     -0.00316255     -0.00205374     -0.00243394     -0.00094925     0.000854533      0.00203657     0.000907872      0.00043474     0.000946049     0.000753686      0.00040901      0.00117501        0.002293    -0.000892188      -0.0045757 
       0.5     0.000357085     -0.00395697     -0.00258686     -0.00303639     -0.00118638       0.0010683      0.00254643      0.00113455     0.000543193      0.00118285      0.00094172     0.000508699       0.0014715      0.00287052     -0.00111484     -0.00571981 
       0.6     0.000428335     -0.00474382      -0.0030806     -0.00365091     -0.00142387       0.0012818      0.00305486      0.00136181      0.00065211      0.00141907      0.00113053     0.000613515      0.00176252       0.0034395     -0.00133828     -0.00686355 
       0.7     0.000499143     -0.00551634     -0.00345616     -0.00428579     -0.00166187      0.00149466      0.00356334      0.00159003      0.00076178      0.00165444      0.00132063     0.000726781      0.00205198      0.00399587     -0.00156292      -0.0079656 
       0.8     0.000569372     -0.00626659     -0.00383462     -0.00495144      -0.0019002      0.00170641      0.00407494      0.00181973     0.000872524      0.00188878      0.00151276     0.000852039      0.00234034      0.00456725       -0.001789     -0.00897849 
       0.9     0.000638935     -0.00701873     -0.00420715     -0.00565768     -0.00213808       0.0019165      0.00459473      0.00205164     0.000984718      0.00212198        0.001708     0.000991166      0.00264358      0.00514999     -0.00201649      -0.0101314 

 ********         Bootstrapping Results        ******** 
 ***  gamma_LL(h) - Lower Limits on Directional Variograms: 
         h        factor#1        factor#2        factor#3        -------> 
       0.1     2.38497e-09     3.22554e-07     7.56001e-08     2.29085e-07     2.64691e-08     2.30945e-08      1.7122e-07     2.26401e-08     6.03401e-09     2.60176e-08     1.50812e-08      9.3613e-09     5.23137e-08     1.89381e-07     2.27189e-08     7.71606e-07 
       0.2     9.56939e-09     1.23129e-06     2.99496e-07     8.64649e-07     1.06008e-07     9.19977e-08     6.62838e-07      8.9936e-08     2.37017e-08     1.04356e-07     5.94836e-08     3.43662e-08     2.07395e-07     6.73553e-07      9.0568e-08     2.99117e-06 
       0.3     2.15927e-08     2.73222e-06     6.62984e-07     1.85763e-06     2.38082e-07     2.06131e-07      1.4331e-06     2.01122e-07     5.25078e-08     2.34795e-07     1.32744e-07     6.98168e-08     4.56305e-07     1.42051e-06     2.03151e-07     6.66058e-06 
       0.4     3.83794e-08     4.79895e-06     1.16247e-06     3.15329e-06     4.21921e-07     3.61202e-07     2.44541e-06     3.56014e-07     9.22674e-08     4.16771e-07     2.34519e-07     1.15919e-07     7.94115e-07     2.44722e-06     3.60353e-07     1.14364e-05 
       0.5     5.98484e-08     7.43765e-06     1.80228e-06     4.74383e-06     6.57554e-07     5.54373e-07     3.69458e-06     5.54557e-07     1.42918e-07     6.48985e-07     3.64722e-07      1.7432e-07     1.19586e-06      3.7769e-06     5.61762e-07     1.73435e-05 
       0.6     8.51637e-08     1.06304e-05     2.58805e-06     6.68613e-06     9.45145e-07     7.89893e-07      5.2137e-06     7.97031e-07      2.0488e-07      9.3045e-07     5.23491e-07     2.44454e-07     1.65688e-06     5.38444e-06     8.08486e-07     2.45283e-05 
       0.7     1.15146e-07     1.42098e-05     3.52475e-06     9.05507e-06     1.28487e-06     1.06839e-06     7.02509e-06     1.08404e-06     2.78754e-07     1.26003e-06     7.11168e-07     3.31507e-07     2.21289e-06     7.28309e-06     1.10165e-06     3.26158e-05 
       0.8     1.49921e-07     1.80044e-05     4.61919e-06      1.1981e-05     1.67584e-06     1.37904e-06     9.15371e-06     1.41664e-06     3.65488e-07     1.63655e-06     9.30536e-07     4.42987e-07     2.86442e-06     9.47879e-06     1.44177e-06     4.12294e-05 
       0.9     1.87626e-07     2.24522e-05     5.86516e-06     1.57064e-05     2.11475e-06     1.72938e-06     1.15742e-05     1.79975e-06     4.66515e-07     2.05885e-06     1.18049e-06     5.81464e-07     3.61867e-06     1.20349e-05       1.829e-06     5.20286e-05 

 ***  gamma_UL(h) - Upper Limits on Directional Variograms: 
         h        factor#1        factor#2        factor#3        -------> 
       0.1     5.32546e-09     6.98263e-07     1.92514e-06     5.02863e-07     7.06747e-08     5.73594e-08     4.10003e-07     7.54525e-08     1.39238e-08     6.91869e-08     8.63923e-08     5.07276e-08     1.40703e-07     5.24486e-07      6.9056e-08     1.59141e-06 
       0.2     2.12962e-08     2.70256e-06     6.37186e-06      1.8246e-06     2.82287e-07     2.28825e-07     1.59548e-06     2.99011e-07     5.52163e-08     2.76705e-07     3.42757e-07     1.69558e-07     5.56428e-07     2.02047e-06     2.75848e-07      6.1377e-06 
       0.3     4.78139e-08      5.9819e-06     1.33051e-05      3.9296e-06      6.3411e-07      5.1371e-07     3.47733e-06     6.68216e-07     1.23248e-07     6.22227e-07     7.66453e-07     3.21606e-07      1.2249e-06     4.37826e-06     6.19861e-07     1.37724e-05 
       0.4     8.47506e-08     1.05598e-05      2.3254e-05     6.76366e-06     1.12562e-06     9.10309e-07     6.04753e-06     1.18212e-06     2.18473e-07     1.10422e-06     1.35646e-06     4.96165e-07     2.14263e-06     7.62367e-06     1.10087e-06     2.40705e-05 
       0.5     1.32254e-07     1.63784e-05     3.56265e-05     1.03159e-05     1.75669e-06      1.4193e-06     9.26655e-06     1.84135e-06     3.39858e-07     1.72289e-06     2.11318e-06     7.07316e-07     3.31485e-06      1.1815e-05     1.71904e-06         3.7e-05 
       0.6     1.90341e-07     2.33902e-05      4.8384e-05     1.46957e-05     2.52763e-06      2.0395e-06     1.31862e-05     2.64808e-06     4.88156e-07     2.47861e-06     3.03849e-06     9.82099e-07     4.71527e-06     1.69635e-05     2.47493e-06     5.29531e-05 
       0.7     2.58823e-07      3.1548e-05       5.211e-05     1.98724e-05     3.43914e-06     2.76188e-06     1.78557e-05     3.60607e-06     6.64154e-07     3.37215e-06     4.13588e-06     1.32604e-06     6.35783e-06      2.3131e-05     3.36927e-06     7.14549e-05 
       0.8     3.36029e-07     4.07214e-05     5.68561e-05     2.59674e-05     4.49199e-06     3.58995e-06     2.33713e-05     4.72083e-06     8.69039e-07     4.39746e-06     5.41082e-06     1.76881e-06     8.28808e-06     3.03336e-05      4.4027e-06     9.14949e-05 
       0.9     4.23157e-07     5.13649e-05      6.1496e-05     3.33568e-05     5.68638e-06     4.53655e-06     2.98046e-05     6.00014e-06     1.10237e-06     5.55696e-06     6.87161e-06     2.40631e-06     1.04204e-05     3.87698e-05     5.57537e-06     0.000116182 

 ***  IVARS_LL(H) - Lower Limits on Integrated Variograms: 
         H        factor#1        factor#2        factor#3        -------> 
       0.1     1.19248e-10     1.61277e-08     3.78001e-09     1.14543e-08     1.32345e-09     1.15472e-09     8.56099e-09     1.13201e-09     3.01701e-10     1.30088e-09     7.54059e-10     4.68065e-10     2.61569e-09     9.46905e-09     1.13595e-09     3.85803e-08 
       0.3      2.2714e-09     2.91683e-07     7.06588e-08     2.03592e-07     2.51518e-08     2.18274e-08       1.562e-07     2.13097e-08     5.61301e-09     2.47845e-08     1.40892e-08     7.89506e-09     4.88826e-08     1.56771e-07     2.14862e-08     7.07199e-07 
       0.5     1.02028e-08      1.2809e-06     3.09765e-07     8.59981e-07      1.1212e-07     9.63594e-08     6.55607e-07     9.46951e-08     2.45922e-08     1.10664e-07     6.24143e-08     3.15028e-08      2.1096e-07      6.6257e-07     9.58029e-08     3.05134e-06 

 ***  IVARS_UL(H) - Upper Limits on Integrated Variograms: 
         H        factor#1        factor#2        factor#3        -------> 
       0.1     2.66273e-10     3.49131e-08     9.62571e-08     2.51431e-08     3.53373e-09     2.86797e-09     2.05001e-08     3.77262e-09     6.96188e-10     3.45935e-09     4.31962e-09     2.53638e-09     7.03513e-09     2.62243e-08      3.4528e-09     7.95704e-08 
       0.3     5.05275e-09     6.39666e-07     1.49496e-06     4.24355e-07     6.70017e-08     5.43039e-08     3.74659e-07     7.08535e-08     1.30652e-08     6.57081e-08     8.12376e-08     3.81621e-08     1.31686e-07     4.73714e-07     6.54834e-08     1.46187e-06 
       0.5     2.25292e-08     2.81398e-06     6.26695e-06     1.82706e-06     2.99103e-07     2.41917e-07     1.61631e-06     3.14544e-07     5.80973e-08     2.93439e-07     3.60866e-07     1.38371e-07      5.6962e-07      2.0449e-06     2.92515e-07     6.40447e-06 

 ***  VARS-TO_LL - Lower Limits on Sobol Total-Order Effects calculated through VARS: 
                  factor#1        factor#2        factor#3        -------> 
               0.000771959       0.0964095       0.0234943       0.0614017      0.00855187      0.00717362       0.0479853      0.00720764      0.00185569       0.0084202      0.00473715      0.00225427         0.01528       0.0492573      0.00730875        0.223045 

 ***  VARS-TO_UL - Lower Limits on Sobol Total-Order Effects calculated through VARS: 
                  factor#1        factor#2        factor#3        -------> 
                0.00172055        0.211835        0.443363        0.133621       0.0228477       0.0184467        0.120161       0.0239454      0.00441639       0.0224056        0.027475      0.00907751       0.0430089        0.153633       0.0223661        0.479183 

 ***  Reliability Estimates of Factor Rankings based on IVARS: 
         H        factor#1        factor#2        factor#3        -------> 
       0.1               1           0.642            0.43           0.281           0.359           0.525           0.527           0.215           0.955           0.215           0.102            0.68           0.971           0.424            0.32           0.805 
       0.3               1            0.61           0.498           0.269           0.393            0.55           0.514           0.202           0.942           0.222           0.111           0.775           0.986           0.392           0.339           0.898 
       0.5           0.998           0.593           0.508            0.39           0.414           0.566           0.529           0.112           0.911           0.371           0.111           0.811           0.992           0.592           0.216           0.919 

 ***  Reliability Estimates of Factor Rankings based on VARS-TO: 
                  factor#1        factor#2        factor#3        -------> 
                     0.998           0.567           0.494           0.442           0.425           0.579           0.529            0.12           0.884           0.386           0.115           0.818           0.995           0.646           0.221           0.932 

 ***  Factor Grouping based on VARS-TO & IVARS50: 
                  factor#1        factor#2        factor#3        -------> 
 VARS-TO              3               2               2               2               1               1               2               1               3               1               1               3               1               2               1               2 
 IVARS50              1               2               2               2               3               3               2               3               1               3               3               3               3               2               3               2 

 ***  Reliability Estimates of Rankings based on Factor Grouping: 
                  factor#1        factor#2        factor#3        -------> 
 VARS-TO              1               1           0.997               1               1            0.99               1               1               1               1           0.944           0.934           0.997               1               1               1 
 IVARS50              1               1           0.984               1               1               1               1               1           0.955               1               1           0.954           0.985               1               1               1 
