 -------- Variogram Analysis of Response Surfaces (VARS) Output File -------- 
 VARS settings: 
 Target Number of Stars = 100 
 Current Number of Stars = 20 
 minimum h = 0.1 
 Bootstrap Size = 1000 
 Bootstrap Confidence Level = 0.9 

 ***  gamma(h) - Directional Variograms: 
         h        factor#1        factor#2        factor#3        -------> 
       0.1     3.22089e-09     3.92597e-07     1.15581e-07      3.3121e-07     3.46937e-08      3.4934e-08     1.96823e-07     3.54446e-08     8.98002e-09     3.40614e-08     2.45376e-08     3.10618e-08     7.13619e-08     2.50462e-07     3.03499e-08       1.149e-06 
       0.2     1.29123e-08     1.45825e-06     4.58025e-07     1.17732e-06     1.38686e-07     1.39379e-07     7.64766e-07     1.40705e-07     3.53454e-08      1.3669e-07     9.72315e-08     1.03063e-07     2.79923e-07     9.19547e-07     1.20962e-07     4.37635e-06 
       0.3     2.90645e-08     3.19667e-06     1.01972e-06     2.42193e-06     3.11198e-07     3.12874e-07     1.64832e-06     3.14688e-07     7.85733e-08     3.08129e-07     2.17288e-07     1.97746e-07     6.04394e-07     1.94369e-06     2.71204e-07     9.72129e-06 
       0.4     5.15888e-08     5.59767e-06     1.79564e-06     4.05524e-06     5.51448e-07      5.5468e-07     2.78667e-06     5.56922e-07     1.38478e-07     5.47908e-07     3.84402e-07     3.10289e-07     1.02617e-06     3.37873e-06     4.80796e-07     1.67692e-05 
       0.5     8.03217e-08      8.6582e-06     2.78845e-06     6.10486e-06     8.59179e-07     8.63658e-07     4.16922e-06      8.6753e-07     2.15131e-07     8.54664e-07     5.98662e-07      4.4422e-07     1.52409e-06     5.23219e-06     7.49986e-07      2.5456e-05 
       0.6     1.15039e-07      1.2329e-05     4.00474e-06     8.61235e-06      1.2346e-06     1.23801e-06     5.84552e-06     1.24723e-06     3.08829e-07     1.22623e-06     8.60593e-07     6.09037e-07      2.1098e-06     7.50823e-06     1.07947e-06     3.60772e-05 
       0.7     1.55472e-07     1.64744e-05     5.45436e-06     1.16496e-05      1.6781e-06     1.67453e-06     7.87341e-06     1.69737e-06     4.20123e-07      1.6603e-06     1.17121e-06     8.21071e-07     2.80045e-06     1.02133e-05     1.47016e-06     4.82938e-05 
       0.8     2.01337e-07     2.09266e-05     7.14956e-06     1.53619e-05     2.18926e-06     2.16891e-06     1.02744e-05     2.22001e-06     5.49887e-07     2.15517e-06     1.53224e-06     1.10691e-06     3.59868e-06     1.33835e-05     1.92276e-06      6.1604e-05 
       0.9     2.52389e-07     2.58896e-05     9.09212e-06     2.00138e-05     2.76518e-06     2.72134e-06     1.30584e-05     2.81812e-06     6.99446e-07      2.7099e-06     1.94656e-06     1.50775e-06     4.50328e-06     1.70693e-05     2.43714e-06     7.86532e-05 

 ***  COV(h) - Directional Covariograms: 
         h        factor#1        factor#2        factor#3        -------> 
       0.1      2.9476e-05     1.83196e-05     2.82908e-05     2.68238e-05     2.55347e-05     2.90782e-05     2.35224e-05     2.85198e-05     2.92484e-05     2.94079e-05     2.67117e-05     2.76013e-05     2.41804e-05     3.40046e-05     2.93734e-05     3.33586e-05 
       0.2     2.94558e-05     1.67268e-05     2.77772e-05     2.57542e-05     2.53946e-05     2.89044e-05     2.26695e-05     2.83374e-05     2.92192e-05     2.92422e-05     2.65914e-05     2.75532e-05     2.38689e-05     3.29715e-05     2.92509e-05     2.87448e-05 
       0.3     2.94393e-05     1.49961e-05     2.72172e-05     2.45482e-05     2.52223e-05     2.87309e-05     2.18114e-05     2.81641e-05     2.91759e-05     2.90692e-05     2.64722e-05     2.74647e-05     2.35525e-05     3.19613e-05     2.91015e-05     2.33529e-05 
       0.4      2.9427e-05     1.31317e-05     2.66134e-05     2.31872e-05      2.5018e-05     2.85583e-05     2.09765e-05     2.79997e-05     2.91187e-05     2.88908e-05     2.63536e-05     2.73354e-05     2.32344e-05      3.0882e-05     2.89246e-05     1.79523e-05 
       0.5      2.9419e-05     1.11304e-05     2.59685e-05     2.16493e-05     2.47819e-05     2.83885e-05     2.01605e-05     2.78441e-05     2.90478e-05     2.87089e-05     2.62354e-05     2.71617e-05     2.29318e-05     2.97886e-05     2.87196e-05     1.23515e-05 
       0.6     2.94155e-05     9.04846e-06     2.52742e-05     1.99093e-05     2.45138e-05      2.8223e-05     1.93339e-05     2.76968e-05     2.89626e-05     2.85246e-05     2.61176e-05     2.69373e-05      2.2639e-05     2.86527e-05     2.84865e-05     6.35935e-06 
       0.7     2.94162e-05     7.03781e-06     2.45161e-05     1.79338e-05      2.4214e-05     2.80639e-05     1.84863e-05     2.75576e-05     2.88625e-05     2.83379e-05     2.60003e-05      2.6653e-05     2.23531e-05      2.7411e-05     2.82255e-05     5.58317e-07 
       0.8     2.94207e-05     5.27612e-06     2.36942e-05     1.56826e-05     2.38827e-05     2.79169e-05      1.7637e-05     2.74257e-05     2.87465e-05      2.8147e-05     2.58836e-05     2.62978e-05     2.20856e-05     2.61563e-05     2.79379e-05    -5.05091e-06 
       0.9     2.94286e-05     3.58668e-06     2.28205e-05     1.31318e-05     2.35208e-05     2.77822e-05     1.67657e-05     2.73007e-05     2.86131e-05     2.79483e-05     2.57678e-05     2.58603e-05     2.17894e-05      2.4843e-05     2.76255e-05    -1.11459e-05 

 ***  ECOV(h) - Directional Expected Covariograms: 
         h        factor#1        factor#2        factor#3        -------> 
       0.1     4.10713e-08     4.36131e-06     1.42972e-06     3.02118e-06      4.4042e-07     4.41783e-07     2.10301e-06     4.44242e-07     1.09891e-07     4.37497e-07     3.06468e-07     2.10258e-07     7.62583e-07     2.65671e-06     3.84765e-07     1.28212e-05 
       0.2     2.71576e-08     2.86158e-06     9.39559e-07     1.89598e-06     2.90756e-07     2.91923e-07     1.32717e-06     2.93188e-07      7.2283e-08     2.89787e-07     2.02226e-07     1.21959e-07     4.79001e-07     1.71812e-06     2.54217e-07     8.41544e-06 
       0.3     1.09392e-08     1.10649e-06     3.80847e-07     7.01053e-07     1.18467e-07     1.17568e-07     4.67301e-07     1.19914e-07     2.93673e-08      1.1782e-07     8.26979e-08     3.67838e-08     1.62682e-07     7.01835e-07     1.04315e-07     3.06102e-06 
       0.4    -7.42427e-09    -8.63692e-07     -2.4534e-07    -5.95145e-07    -7.60533e-08    -7.93962e-08    -4.45174e-07    -7.58019e-08    -1.89661e-08    -7.73667e-08    -5.22999e-08    -4.92053e-08    -1.80063e-07    -4.52029e-07    -6.50588e-08    -2.67984e-06 
       0.5    -2.77514e-08     -3.0395e-06    -9.41814e-07    -2.01797e-06    -2.92757e-07    -2.97644e-07    -1.41716e-06    -2.94213e-07    -7.28302e-08    -2.94188e-07    -2.02932e-07    -1.40379e-07    -5.35472e-07    -1.74902e-06    -2.54287e-07    -8.80904e-06 
       0.6    -4.98604e-08    -5.38318e-06     -1.7136e-06    -3.58526e-06     -5.3164e-07    -5.35896e-07     -2.4776e-06     -5.3562e-07    -1.32346e-07    -5.30855e-07    -3.69422e-07    -2.41061e-07    -9.07405e-07    -3.19035e-06    -4.63824e-07    -1.55939e-05 
       0.7    -7.35799e-08     -7.7861e-06     -2.5669e-06     -5.3136e-06    -7.92577e-07    -7.92184e-07    -3.63629e-06     -8.0039e-07     -1.9765e-07    -7.85927e-07    -5.52082e-07    -3.55505e-07    -1.29489e-06    -4.77558e-06    -6.94037e-07    -2.26294e-05 
       0.8    -9.87649e-08    -1.01124e-05    -3.50671e-06    -7.22068e-06    -1.07492e-06    -1.06405e-06     -4.8818e-06      -1.089e-06    -2.68898e-07    -1.05869e-06    -7.51421e-07    -4.87789e-07    -1.69127e-06    -6.51832e-06    -9.44973e-07    -2.95364e-05 
       0.9    -1.25315e-07    -1.24878e-05    -4.53342e-06    -9.31642e-06    -1.37698e-06    -1.35165e-06    -6.23626e-06    -1.40213e-06    -3.46276e-07    -1.34916e-06    -9.68314e-07    -6.41217e-07    -2.12257e-06    -8.40208e-06    -1.21618e-06    -3.79154e-05 

 ***  IVARS(H) - Integrated Variograms: 
         H        factor#1        factor#2        factor#3        -------> 
       0.1     1.61045e-10     1.96298e-08     5.77907e-09     1.65605e-08     1.73469e-09      1.7467e-09     9.84117e-09     1.77223e-09     4.49001e-10     1.70307e-09     1.22688e-09     1.55309e-09      3.5681e-09     1.25231e-08      1.5175e-09     5.74499e-08 
       0.3     3.06655e-09     3.44919e-07     1.08347e-07      2.7195e-07     3.28979e-08      3.3075e-08     1.78575e-07     3.33494e-08     8.36121e-09     3.24815e-08     2.30413e-08     2.32998e-08     6.53482e-08     2.14185e-07     2.86914e-08      1.0386e-06 
       0.5     1.36947e-08     1.49743e-06      4.7832e-07     1.10381e-06     1.46562e-07      1.4737e-07     7.48119e-07     1.48153e-07     3.68943e-08     1.45412e-07     1.02279e-07      8.6427e-08      2.7439e-07     9.10853e-07      1.2783e-07     4.47438e-06 

 ***  Factor Rankings based on IVARS: 
         H        factor#1        factor#2        factor#3        -------> 
       0.1              16               2               6               3              10               9               5               8              15              11              14              12               7               4              13               1 
       0.3              16               2               6               3              10               9               5               8              15              11              14              13               7               4              12               1 
       0.5              16               2               6               3              10               9               5               8              15              11              13              14               7               4              12               1 

 ***  VARS-TO - Sobol Total-Order Effects calculated through VARS: 
                  factor#1        factor#2        factor#3        -------> 
                0.00156014         0.16745       0.0544312        0.118084       0.0167353       0.0167918       0.0810089       0.0168964      0.00418707       0.0166101       0.0116592      0.00850017       0.0293747        0.102401       0.0146219        0.492082 

 ***  Factor Rankings based on VARS-TO: 
                  factor#1        factor#2        factor#3        -------> 
                        16               2               6               3              10               9               5               8              15              11              13              14               7               4              12               1 

 ***  VARS-ABE - Morris mean ABsolute Elementary effects across scales: 
   delta x        factor#1        factor#2        factor#3        -------> 
       0.1      6.3056e-05     0.000687397     0.000341736     0.000542577     0.000194545      0.00019762     0.000456565     0.000182325     9.67826e-05     0.000195247     0.000140335     0.000107197     0.000263853     0.000517458     0.000179395      0.00117654 
       0.2     0.000126532      0.00133146     0.000680294       0.0010624      0.00038892     0.000396063     0.000900292     0.000364123     0.000192697     0.000391262     0.000279241     0.000205394     0.000525739      0.00100206      0.00035763      0.00234139 
       0.3     0.000190406      0.00196506       0.0010153      0.00156914     0.000582193     0.000593867      0.00132878     0.000545691     0.000288142      0.00058744     0.000417274     0.000298695     0.000776152      0.00144218      0.00053491      0.00349679 
       0.4     0.000254373       0.0026221       0.0013423      0.00207332      0.00077476     0.000791416      0.00173921     0.000727231     0.000383482     0.000784136     0.000555054     0.000390614      0.00101722      0.00189873     0.000711683      0.00459668 
       0.5     0.000318184      0.00328217      0.00166645      0.00258402     0.000966686     0.000985424      0.00214603     0.000908897      0.00047906     0.000980273     0.000692835     0.000484377      0.00124753      0.00237182     0.000888652      0.00565997 
       0.6      0.00038156      0.00393315      0.00199022      0.00310998      0.00115947      0.00117514      0.00255591      0.00109085     0.000575223      0.00117541     0.000831243      0.00058347      0.00146209      0.00284495      0.00106637      0.00670482 
       0.7     0.000444248      0.00456416      0.00231451      0.00366133      0.00135216       0.0013604      0.00298007      0.00127328     0.000672332      0.00136921     0.000971314     0.000691456      0.00167954      0.00330684       0.0012455      0.00769773 
       0.8     0.000506031      0.00516116      0.00263523      0.00424959      0.00154555      0.00153689      0.00342032      0.00145649     0.000770787      0.00156142      0.00111351     0.000812591      0.00190037      0.00377049      0.00142561      0.00864437 
       0.9     0.000566772      0.00575686      0.00295358       0.0048832       0.0017371      0.00170934      0.00384841      0.00164093     0.000871043      0.00175163      0.00125856     0.000950536       0.0021234      0.00429784      0.00160617      0.00972186 

 ***  VARS-ACE - Morris mean ACtual Elementary effects across scales: 
   delta x        factor#1        factor#2        factor#3        -------> 
       0.1     6.29747e-05    -0.000639651    -0.000328176    -0.000542577    -0.000192064      0.00018863     0.000382192     0.000182325     9.67826e-05     0.000194626     0.000138197     9.89395e-05     0.000216157     0.000460637    -0.000177521     -0.00102619 
       0.2     0.000126508     -0.00129029    -0.000658808      -0.0010624    -0.000384097     0.000377639     0.000760875     0.000364123     0.000192697     0.000390354     0.000275188     0.000189273     0.000428646     0.000919961     -0.00035379     -0.00203505 
       0.3     0.000190392     -0.00195607    -0.000991932     -0.00156914    -0.000575737      0.00056669      0.00114252     0.000545691     0.000288142     0.000586805     0.000411615     0.000275019     0.000645582       0.0013797    -0.000529146     -0.00309681 
       0.4     0.000254373      -0.0026221     -0.00132682     -0.00207332    -0.000767156     0.000755246      0.00152725     0.000727231     0.000383482     0.000783502     0.000547932     0.000359796     0.000864442      0.00185369    -0.000704192     -0.00415616 
       0.5     0.000318184     -0.00328217     -0.00166058     -0.00258402    -0.000958713     0.000943729      0.00191168     0.000908897      0.00047906     0.000979855     0.000684551     0.000446922      0.00108466      0.00232369    -0.000879664     -0.00519784 
       0.6      0.00038156     -0.00393315     -0.00199022     -0.00310998     -0.00115073      0.00113287      0.00229087      0.00109085     0.000575223      0.00117525     0.000821898     0.000539694      0.00129666      0.00278053     -0.00105629     -0.00623424 
       0.7     0.000444248     -0.00456416     -0.00231451     -0.00366133     -0.00134339      0.00132228      0.00266589      0.00127328     0.000672332      0.00136921     0.000960436      0.00064171      0.00150636      0.00321931     -0.00123467     -0.00722589 
       0.8     0.000506031     -0.00516116     -0.00263523     -0.00424959     -0.00153639      0.00151056       0.0030435      0.00145649     0.000770787      0.00156142      0.00110075     0.000757092      0.00171458      0.00367985     -0.00141516      -0.0081402 
       0.9     0.000566772     -0.00575686     -0.00295358      -0.0048832     -0.00172858      0.00169767      0.00343973      0.00164093     0.000871043      0.00175163      0.00124377     0.000890456      0.00194541      0.00414573     -0.00159769     -0.00923575 

 ********         Bootstrapping Results        ******** 
 ***  gamma_LL(h) - Lower Limits on Directional Variograms: 
         h        factor#1        factor#2        factor#3        -------> 
       0.1     1.77417e-09     2.21236e-07     5.15747e-08     1.72023e-07     1.68858e-08     1.71677e-08     1.00195e-07     1.29108e-08     4.38694e-09     1.69687e-08     8.65843e-09     5.69848e-09     3.29827e-08     1.32072e-07     1.42884e-08      6.7339e-07 
       0.2     7.09994e-09     8.19255e-07     2.04297e-07     6.32135e-07     6.70894e-08     6.84309e-08     3.88594e-07     5.12698e-08     1.70759e-08     6.78757e-08     3.41503e-08     2.19524e-08     1.31046e-07     4.71906e-07     5.68538e-08     2.57979e-06 
       0.3     1.58678e-08     1.77194e-06     4.56031e-07     1.33268e-06     1.50286e-07     1.54458e-07     8.26269e-07     1.14675e-07     3.79052e-08      1.5292e-07     7.60399e-08     4.53989e-08      2.8608e-07     9.38156e-07     1.27128e-07      5.6738e-06 
       0.4     2.82013e-08     3.06934e-06     7.94133e-07     2.20936e-06     2.64282e-07      2.7473e-07     1.36723e-06     2.02935e-07     6.61853e-08     2.71598e-07     1.34107e-07      7.2887e-08      4.7533e-07     1.60244e-06     2.24498e-07     9.76853e-06 
       0.5     4.40635e-08     4.72087e-06      1.2256e-06     3.31489e-06     4.11894e-07     4.26429e-07     2.00712e-06      3.1629e-07     1.02521e-07     4.21527e-07     2.08224e-07     1.05106e-07     6.87274e-07     2.45883e-06     3.49546e-07     1.43563e-05 
       0.6     6.30191e-08     6.70479e-06     1.75366e-06     4.63333e-06     5.92047e-07     6.09575e-07     2.82023e-06     4.54734e-07     1.47209e-07     6.06256e-07     2.98153e-07     1.45293e-07      9.1109e-07     3.52195e-06     5.02898e-07     1.99864e-05 
       0.7     8.46196e-08     8.86794e-06     2.38248e-06     6.27533e-06     8.03511e-07     8.22266e-07     3.67197e-06     6.18542e-07     2.00268e-07     8.16319e-07     4.05306e-07     1.96343e-07     1.16876e-06      4.7835e-06     6.85259e-07       2.648e-05 
       0.8       1.094e-07     1.11453e-05      3.1171e-06     8.39147e-06     1.04663e-06     1.06188e-06     4.75151e-06     8.08152e-07     2.62004e-07     1.06233e-06     5.31378e-07     2.66143e-07     1.46578e-06     6.25956e-06     8.98067e-07     3.33239e-05 
       0.9     1.37045e-07     1.38415e-05     3.94649e-06     1.09629e-05      1.3183e-06     1.31644e-06     6.06947e-06     1.02419e-06     3.34618e-07     1.33543e-06     6.78768e-07     3.67576e-07     1.77284e-06     7.96311e-06     1.13933e-06     4.21621e-05 

 ***  gamma_UL(h) - Upper Limits on Directional Variograms: 
         h        factor#1        factor#2        factor#3        -------> 
       0.1     4.94966e-09     5.96447e-07     1.97382e-07     5.21148e-07     5.60446e-08     5.83122e-08     3.19507e-07     6.64772e-08     1.48674e-08     5.39545e-08     4.64201e-08     6.78454e-08     1.18142e-07     3.88936e-07     4.98397e-08      1.6892e-06 
       0.2     1.97898e-08     2.22045e-06     7.81722e-07     1.81632e-06     2.24287e-07     2.31572e-07      1.2441e-06      2.6345e-07     5.88341e-08     2.16797e-07     1.84169e-07      2.2428e-07     4.63998e-07     1.45115e-06     1.98552e-07     6.42028e-06 
       0.3     4.44732e-08     4.89591e-06     1.74005e-06     3.74265e-06     5.04206e-07     5.20753e-07      2.6745e-06      5.8915e-07     1.31153e-07     4.88647e-07     4.11878e-07     4.28334e-07     9.95814e-07     3.14085e-06     4.44951e-07     1.43686e-05 
       0.4     7.89286e-08     8.60639e-06     3.07056e-06     6.38802e-06     8.95256e-07     9.18846e-07     4.57657e-06     1.04277e-06     2.31609e-07     8.68718e-07      7.2903e-07     6.59358e-07     1.67575e-06     5.49807e-06     7.88498e-07     2.50263e-05 
       0.5     1.22986e-07      1.3346e-05     4.77427e-06     9.80915e-06     1.39556e-06     1.42993e-06     7.03487e-06     1.62463e-06     3.60404e-07      1.3582e-06      1.1358e-06     9.28028e-07     2.51875e-06     8.53931e-06     1.22966e-06     3.81083e-05 
       0.6     1.76488e-07     1.89676e-05     6.86447e-06     1.38071e-05     2.00468e-06     2.05463e-06     9.86854e-06     2.33623e-06     5.18207e-07     1.95022e-06     1.63308e-06     1.25939e-06     3.51721e-06     1.22569e-05     1.76989e-06     5.43971e-05 
       0.7     2.39367e-07     2.54442e-05     9.36592e-06     1.86626e-05     2.72724e-06     2.78425e-06     1.33316e-05     3.18035e-06     7.04785e-07     2.64377e-06     2.22265e-06     1.69308e-06      4.7205e-06     1.66523e-05     2.41038e-06     7.30571e-05 
       0.8     3.11907e-07     3.23816e-05     1.23118e-05     2.46146e-05     3.56285e-06     3.62139e-06     1.74407e-05     4.16223e-06     9.20497e-07     3.43453e-06     2.90744e-06     2.29833e-06      6.1287e-06     2.19235e-05     3.15287e-06     9.39391e-05 
       0.9     3.91494e-07     4.05452e-05     1.57014e-05     3.14579e-05     4.50708e-06     4.56496e-06     2.21732e-05     5.28959e-06     1.16892e-06     4.32873e-06     3.69212e-06     3.16452e-06     7.73861e-06     2.80501e-05     3.99686e-06     0.000120444 

 ***  IVARS_LL(H) - Lower Limits on Integrated Variograms: 
         H        factor#1        factor#2        factor#3        -------> 
       0.1     8.87084e-11     1.10618e-08     2.57873e-09     8.60116e-09     8.44288e-10     8.58387e-10     5.00975e-09      6.4554e-10     2.19347e-10     8.48435e-10     4.32921e-10     2.84924e-10     1.64913e-09     6.60358e-09     7.14419e-10     3.36695e-08 
       0.3     1.68177e-09     1.93055e-07     4.82289e-08     1.48325e-07     1.59003e-08     1.62742e-08     9.02406e-08     1.21518e-08     4.04204e-09     1.61131e-08     8.08376e-09     5.00251e-09     3.09229e-08     1.08299e-07     1.34815e-08     6.03582e-07 
       0.5     7.46462e-09     8.24108e-07     2.11552e-07     6.04538e-07     7.04546e-08     7.29381e-08     3.66597e-07     5.39643e-08     1.76982e-08     7.21251e-08     3.57192e-08     2.03823e-08     1.27749e-07     4.38023e-07     5.97976e-08     2.59826e-06 

 ***  IVARS_UL(H) - Upper Limits on Integrated Variograms: 
         H        factor#1        factor#2        factor#3        -------> 
       0.1     2.47483e-10     2.98224e-08      9.8691e-09     2.60574e-08     2.80223e-09     2.91561e-09     1.59754e-08     3.32386e-09     7.43371e-10     2.69772e-09     2.32101e-09     3.39227e-09      5.9071e-09     1.94468e-08     2.49198e-09     8.44598e-08 
       0.3     4.69523e-09     5.24394e-07     1.85012e-07     4.18028e-07     5.32435e-08     5.49715e-08     2.90085e-07     6.24332e-08     1.39218e-08      5.1547e-08     4.36529e-08     5.05752e-08     1.07713e-07      3.4159e-07     4.70868e-08     1.52931e-06 
       0.5       2.096e-08      2.2898e-06     8.17511e-07     1.71897e-06      2.3785e-07     2.44598e-07     1.22302e-06       2.774e-07     6.16624e-08     2.30637e-07      1.9394e-07      1.8494e-07     4.47207e-07     1.47516e-06     2.09667e-07     6.67351e-06 

 ***  VARS-TO_LL - Lower Limits on Sobol Total-Order Effects calculated through VARS: 
                  factor#1        factor#2        factor#3        -------> 
               0.000854194       0.0917983       0.0239029       0.0639509      0.00803603      0.00828285       0.0390755      0.00615947      0.00199728        0.008209      0.00404744      0.00202064       0.0131401       0.0484592      0.00681989        0.275464 

 ***  VARS-TO_UL - Lower Limits on Sobol Total-Order Effects calculated through VARS: 
                  factor#1        factor#2        factor#3        -------> 
                0.00239202        0.257608        0.093175        0.189873       0.0271814       0.0278424        0.136442       0.0316471      0.00701879       0.0263847       0.0221219       0.0177047       0.0486555        0.167063       0.0239744         0.73902 

 ***  Reliability Estimates of Factor Rankings based on IVARS: 
         H        factor#1        factor#2        factor#3        -------> 
       0.1           0.994           0.691           0.925           0.499           0.291           0.289           0.884           0.261           0.893           0.325           0.493           0.045           0.858           0.771           0.256               1 
       0.3           0.992           0.776           0.951           0.563           0.291           0.278           0.828           0.298           0.875           0.306           0.393            0.11           0.908           0.685           0.402               1 
       0.5           0.989           0.884           0.971           0.635           0.292            0.28           0.874           0.315           0.836            0.28            0.58           0.462           0.944           0.663           0.443               1 

 ***  Reliability Estimates of Factor Rankings based on VARS-TO: 
                  factor#1        factor#2        factor#3        -------> 
                     0.987           0.927           0.988           0.642           0.296           0.282            0.94           0.327           0.797           0.275           0.644           0.516           0.972           0.676            0.47               1 

 ***  Factor Grouping based on VARS-TO & IVARS50: 
                  factor#1        factor#2        factor#3        -------> 
 VARS-TO              1               2               3               2               3               3               2               3               1               3               3               1               3               2               3               2 
 IVARS50              1               2               3               2               3               3               2               3               1               3               3               3               3               2               3               2 

 ***  Reliability Estimates of Rankings based on Factor Grouping: 
                  factor#1        factor#2        factor#3        -------> 
 VARS-TO              1               1           0.991               1               1               1           0.999           0.999               1               1           0.765           0.718               1           0.992           0.954               1 
 IVARS50              1               1           0.998               1               1               1           0.997               1           0.893               1           0.999           0.892               1           0.999               1               1 
