 -------- Variogram Analysis of Response Surfaces (VARS) Output File -------- 
 VARS settings: 
 Target Number of Stars = 100 
 Current Number of Stars = 100 
 minimum h = 0.1 
 Bootstrap Size = 1000 
 Bootstrap Confidence Level = 0.9 

 ***  gamma(h) - Directional Variograms: 
         h        factor#1        factor#2        factor#3        -------> 
       0.1      7.9683e-06     0.000176672     7.14787e-05      0.00019014     2.96066e-05     4.52646e-05     9.08019e-05     4.01075e-05     5.31038e-05     3.36245e-05      1.6431e-05     5.86785e-05     1.40581e-05     3.51248e-05     7.44349e-06     2.23501e-05     0.000372825     0.000296794 
       0.2      2.1736e-05     0.000499159     0.000261026     0.000661967     7.12918e-05      0.00015732     0.000326764     0.000151317     0.000178572     7.73151e-05     5.74129e-05     0.000172979     4.50429e-05     0.000125503      2.1506e-05     7.65768e-05      0.00127049      0.00111687 
       0.3     3.18516e-05      0.00095684     0.000553724      0.00132033     0.000109808     0.000329729     0.000689268     0.000327154     0.000362424     0.000117639     0.000123605     0.000330752      9.3611e-05     0.000270068     4.21693e-05     0.000154462      0.00244921      0.00243134 
       0.4     3.63382e-05      0.00156793     0.000965003      0.00209859     0.000165894      0.00056038      0.00118282     0.000569093     0.000604738     0.000178517     0.000206374     0.000527232     0.000164276     0.000464688     7.20764e-05     0.000259561      0.00386409      0.00416717 
       0.5     4.25763e-05      0.00231412      0.00146976      0.00299838     0.000242771     0.000818059      0.00179962     0.000868652     0.000877081     0.000247629     0.000313098     0.000745404     0.000248402     0.000712726     0.000109706     0.000391733      0.00555999      0.00618568 
       0.6     5.58705e-05       0.0031516      0.00206421      0.00405921     0.000326476      0.00110111      0.00251721      0.00123455      0.00117259     0.000340125     0.000431976      0.00096811     0.000354994      0.00102149     0.000156383     0.000559038      0.00754925      0.00836962 
       0.7     8.37329e-05       0.0040779      0.00273844      0.00533443      0.00043686       0.0013904      0.00332893      0.00165958      0.00149927     0.000453444     0.000576115      0.00124362     0.000472461      0.00138847      0.00021273     0.000752498       0.0100227        0.010465 
       0.8     0.000122719      0.00508205       0.0034649      0.00690733     0.000589113      0.00164855      0.00420492      0.00211543      0.00186416     0.000601175     0.000743852      0.00154781     0.000606813      0.00180498     0.000258546     0.000971709       0.0130698        0.012216 
       0.9     0.000131512      0.00567614      0.00426964      0.00880446     0.000678215      0.00192769       0.0051882      0.00264555      0.00231578     0.000857557     0.000964207       0.0018929     0.000762524      0.00221853     0.000308367      0.00123719       0.0168402       0.0138344 

 ***  COV(h) - Directional Covariograms: 
         h        factor#1        factor#2        factor#3        -------> 
       0.1       0.0137031        0.011731       0.0114256       0.0124016       0.0139924       0.0133373       0.0124824       0.0123516       0.0139725       0.0137627       0.0129082       0.0141485       0.0133013       0.0138282       0.0133278       0.0142614      0.00994804       0.0120042 
       0.2         0.01368       0.0113244       0.0112364       0.0118061       0.0139475       0.0132038       0.0122145       0.0122087       0.0138254       0.0137249        0.012844       0.0139608       0.0132521       0.0136878       0.0133178       0.0141903       0.0088219       0.0111341 
       0.3       0.0136676       0.0108787       0.0109529       0.0111742       0.0139111        0.013012       0.0118524       0.0120293       0.0136672       0.0136956       0.0127754       0.0137932       0.0132087       0.0135423       0.0132905       0.0140941      0.00770167      0.00978939 
       0.4       0.0136674        0.010298       0.0105273       0.0105458       0.0138523       0.0128223       0.0113944       0.0118248       0.0134706       0.0136433       0.0127171       0.0136655       0.0131484        0.013384       0.0132621       0.0140087      0.00658094      0.00810005 
       0.5       0.0136708      0.00963966       0.0100571      0.00990812       0.0137611       0.0125767       0.0108368       0.0115765        0.013227       0.0135824       0.0126476       0.0135847       0.0131026       0.0132107       0.0132139       0.0139287      0.00537044      0.00621534 
       0.6       0.0136719      0.00893394      0.00951445       0.0092405       0.0136559       0.0123118       0.0102081       0.0112876       0.0129745       0.0135022       0.0125847       0.0135681       0.0130535        0.013014       0.0131513       0.0138397      0.00410929       0.0042321 
       0.7        0.013662      0.00815178      0.00883551      0.00853327       0.0135274       0.0121281      0.00952873       0.0109926       0.0127784       0.0134159       0.0125286       0.0135678        0.012992       0.0127942       0.0130897       0.0137355      0.00272666      0.00235668 
       0.8       0.0136369      0.00739245      0.00817968      0.00775287       0.0133553       0.0118809      0.00881223       0.0106705       0.0126402       0.0133401       0.0124543        0.013568       0.0129595       0.0125592        0.013002       0.0135629      0.00121275     0.000785319 
       0.9       0.0136025      0.00669243      0.00752456      0.00693495       0.0131622       0.0115767       0.0080179       0.0102808       0.0124942       0.0132758       0.0123209        0.013544       0.0129089       0.0122463       0.0129099       0.0134136    -0.000423736    -0.000533248 

 ***  ECOV(h) - Directional Expected Covariograms: 
         h        factor#1        factor#2        factor#3        -------> 
       0.1     2.33655e-05      0.00112194     0.000733729      0.00145317     0.000112941     0.000405437     0.000896574     0.000441949     0.000420527     0.000104541     0.000153135      0.00034122     0.000124902     0.000364564      5.5143e-05     0.000198745      0.00266259      0.00301985 
       0.2     5.38595e-06     0.000660148     0.000472858     0.000853223     5.41079e-05     0.000260125     0.000573479     0.000288068     0.000261613     5.61176e-05     9.87197e-05     0.000196925     8.21233e-05     0.000234008     3.50773e-05     0.000125726      0.00153405      0.00194016 
       0.3    -3.78162e-06     0.000206639     0.000179272      0.00022998     1.98109e-05     7.67957e-05     0.000206574     0.000107724      7.8355e-05     1.94678e-05     3.40053e-05     4.77192e-05     3.31829e-05     9.04295e-05     1.24357e-05     4.65538e-05     0.000428857     0.000563525 
       0.4    -6.27714e-06    -0.000299855    -0.000161231    -0.000393841    -2.35084e-05    -0.000123571    -0.000198265    -9.03694e-05     -0.00012456     -2.7995e-05    -3.25141e-05    -0.000111953    -2.68128e-05    -6.63861e-05    -1.11322e-05    -3.76526e-05    -0.000681988    -0.000941588 
       0.5    -7.55418e-06    -0.000835329    -0.000521398     -0.00102453    -7.70191e-05    -0.000313519    -0.000639527    -0.000300398     -0.00032329    -7.09368e-05    -0.000109412    -0.000271216    -8.47354e-05    -0.000239881    -3.76185e-05    -0.000130028     -0.00186213     -0.00243174 
       0.6    -1.34068e-05     -0.00135673     -0.00089897     -0.00168173    -0.000125675     -0.00049497     -0.00109379    -0.000531997    -0.000508375    -0.000124178    -0.000183551    -0.000405556    -0.000152022    -0.000436832    -6.75793e-05    -0.000237637     -0.00307773     -0.00382315 
       0.7    -3.24893e-05     -0.00186337     -0.00128757     -0.00237236    -0.000186799    -0.000657154     -0.00155224     -0.00078011    -0.000681781    -0.000184386    -0.000264918    -0.000546087     -0.00022276    -0.000653481    -9.98484e-05    -0.000349182     -0.00441199     -0.00493991 
       0.8    -5.60961e-05     -0.00232531     -0.00165863     -0.00309889    -0.000261951    -0.000795622      -0.0020054      -0.0010317    -0.000855949    -0.000251446    -0.000349952    -0.000656485    -0.000297146    -0.000878795     -0.00012444    -0.000472393     -0.00579866     -0.00567446 
       0.9    -6.32951e-05     -0.00257573      -0.0020329     -0.00385584    -0.000303623    -0.000938599     -0.00247361     -0.00130151     -0.00104055     -0.00033413    -0.000453441    -0.000750098    -0.000376506     -0.00108729    -0.000150766    -0.000609993     -0.00718031     -0.00614488 

 ***  IVARS(H) - Integrated Variograms: 
         H        factor#1        factor#2        factor#3        -------> 
       0.1     3.98415e-07     8.83358e-06     3.57393e-06     9.50701e-06     1.48033e-06     2.26323e-06      4.5401e-06     2.00538e-06     2.65519e-06     1.68122e-06     8.21549e-07     2.93392e-06     7.02903e-07     1.75624e-06     3.72174e-07     1.11751e-06     1.86413e-05     1.48397e-05 
       0.3     4.56301e-06     0.000115425     6.09367e-05     0.000151227     1.55803e-05     3.67449e-05     7.62201e-05     3.55002e-05     4.12888e-05     1.69759e-05     1.35646e-05     3.97034e-05     1.05907e-05     2.95662e-05     5.00341e-06     1.76158e-05     0.000286792     0.000262934 
       0.5     1.19182e-05     0.000435766     0.000258611     0.000577022     4.97987e-05     0.000150172     0.000318946       0.0001522     0.000163738      5.3091e-05     5.60372e-05     0.000146234     4.41188e-05     0.000125175     1.98048e-05     7.08817e-05      0.00107366       0.0011105 

 ***  Factor Rankings based on IVARS: 
         H        factor#1        factor#2        factor#3        -------> 
       0.1              17               4               6               3              13               9               5              10               8              12              15               7              16              11              18              14               1               2 
       0.3              18               4               6               3              14               9               5              10               7              13              15               8              16              11              17              12               1               2 
       0.5              18               4               6               3              15               9               5               8               7              14              13              10              16              11              17              12               2               1 

 ***  VARS-TO - Sobol Total-Order Effects calculated through VARS: 
                  factor#1        factor#2        factor#3        -------> 
                0.00240118        0.099516        0.061705        0.125931       0.0109238       0.0345383        0.075665       0.0369412       0.0362955        0.010588       0.0129943       0.0306452       0.0106489       0.0306291      0.00479615       0.0169431        0.232611        0.254163 

 ***  Factor Rankings based on VARS-TO: 
                  factor#1        factor#2        factor#3        -------> 
                        18               4               6               3              14               9               5               7               8              16              13              10              15              11              17              12               2               1 

 ***  VARS-ABE - Morris mean ABsolute Elementary effects across scales: 
   delta x        factor#1        factor#2        factor#3        -------> 
       0.1      0.00124116       0.0102648      0.00787059       0.0087554      0.00306197      0.00512833      0.00932274      0.00588351      0.00360867       0.0029148      0.00304549      0.00313046      0.00292685      0.00496219      0.00197454      0.00388591       0.0157622       0.0164833 
       0.2      0.00236271       0.0196626       0.0154276       0.0169942      0.00559577      0.00987866       0.0181397        0.011602      0.00685265      0.00532032      0.00596553      0.00578647      0.00568701      0.00968175       0.0037218       0.0074998       0.0301443       0.0327887 
       0.3      0.00334551       0.0290241       0.0228531       0.0250776      0.00791269       0.0145594       0.0267472       0.0171923       0.0100253      0.00756958       0.0088759      0.00832211      0.00831113       0.0143881      0.00539989       0.0109563       0.0434781        0.049595 
       0.4      0.00423599       0.0380412       0.0303737       0.0330359       0.0103823       0.0193744       0.0353325       0.0228365       0.0130264      0.00999661       0.0117515       0.0107746       0.0111049       0.0191059      0.00711032       0.0145041        0.056489       0.0660394 
       0.5      0.00508609       0.0472816       0.0375583       0.0410779       0.0128282       0.0239372       0.0440786       0.0284039       0.0160545       0.0124016       0.0146855       0.0131403       0.0138323       0.0237736      0.00884571       0.0180279       0.0700371       0.0819993 
       0.6      0.00606008       0.0559923       0.0447229        0.049287       0.0153618       0.0282969       0.0526083       0.0340821       0.0191394       0.0149304       0.0175222        0.015305       0.0166333       0.0286059       0.0106056       0.0216194       0.0844398       0.0972565 
       0.7      0.00725185       0.0646799        0.051899       0.0578584       0.0179545       0.0326779       0.0612266       0.0396981       0.0223202       0.0174178       0.0204645       0.0175975       0.0192556       0.0334704       0.0124581       0.0252029        0.100409        0.110797 
       0.8      0.00840569       0.0732019       0.0584396       0.0667153       0.0209893       0.0368073       0.0700225       0.0450286        0.025731       0.0202169       0.0234308       0.0199656       0.0219332       0.0383731       0.0141144       0.0287414        0.118525        0.121971 
       0.9      0.00913197       0.0793471       0.0651734       0.0759685       0.0232838        0.040768       0.0787384       0.0506228       0.0297319       0.0235066       0.0265701       0.0226597       0.0246866       0.0428169       0.0156572        0.032373        0.138413        0.131634 

 ***  VARS-ACE - Morris mean ACtual Elementary effects across scales: 
   delta x        factor#1        factor#2        factor#3        -------> 
       0.1     0.000536799     -0.00757774     -0.00710676     -0.00844094     -0.00212155      0.00344489       0.0082261      0.00552425      0.00320109      0.00188836      0.00295209      0.00182756      0.00256495      0.00450395     -0.00159914      0.00348937       0.0153311      -0.0140061 
       0.2      0.00104356      -0.0152443      -0.0142712      -0.0166788     -0.00414994      0.00679102       0.0166098       0.0110463      0.00622428      0.00393218      0.00583464      0.00355979      0.00513359      0.00894727     -0.00314201       0.0069059        0.029493      -0.0292801 
       0.3      0.00164981      -0.0235859      -0.0215362       -0.024793     -0.00632386       0.0100312       0.0252264       0.0166992      0.00922647      0.00594973      0.00872666      0.00531113      0.00763543       0.0134786     -0.00459945       0.0102233       0.0427701      -0.0456147 
       0.4      0.00231349      -0.0319842      -0.0288487      -0.0328479     -0.00849742       0.0132912       0.0336866       0.0223115       0.0122513      0.00788941       0.0115943      0.00705886       0.0100604       0.0180364     -0.00612489       0.0135195       0.0558193      -0.0620847 
       0.5      0.00292248       -0.040228      -0.0361218      -0.0409859      -0.0107161       0.0164757       0.0418705       0.0278563       0.0153264      0.00995853       0.0145281      0.00888098       0.0125846       0.0226228     -0.00764484       0.0168317       0.0693544      -0.0778606 
       0.6      0.00347024      -0.0479763      -0.0432731      -0.0492718      -0.0127461       0.0199368       0.0505298       0.0334672       0.0183769       0.0118341       0.0173915       0.0105883       0.0150906       0.0270546     -0.00918734       0.0202792       0.0837289      -0.0931271 
       0.7      0.00384955      -0.0550338      -0.0502512      -0.0578503      -0.0147557       0.0234061       0.0588616       0.0389649       0.0215284       0.0138827       0.0203622       0.0123926        0.017816       0.0314501      -0.0107321       0.0238543       0.0997968       -0.106434 
       0.8      0.00417426      -0.0609772      -0.0570847      -0.0667153      -0.0165998       0.0271641       0.0664394        0.044185       0.0248971       0.0157287       0.0233385       0.0142392       0.0205344       0.0357891       -0.012568       0.0276236        0.117972       -0.117121 
       0.9      0.00483119      -0.0681997      -0.0639608      -0.0759685      -0.0190939       0.0310041       0.0740349       0.0497183       0.0288098       0.0169952       0.0265688       0.0164481       0.0230846       0.0405356      -0.0143922       0.0314043         0.13798       -0.126055 

 ********         Bootstrapping Results        ******** 
 ***  gamma_LL(h) - Lower Limits on Directional Variograms: 
         h        factor#1        factor#2        factor#3        -------> 
       0.1     8.89205e-07     8.94571e-05     4.86748e-05     0.000101354     9.53998e-06     2.27002e-05     6.84258e-05     2.67213e-05     2.21229e-05     6.94267e-06     8.94505e-06     1.96389e-05     7.44479e-06     2.27971e-05     3.18423e-06     1.32723e-05     0.000282219     0.000222002 
       0.2     3.07899e-06     0.000313315     0.000183205     0.000351141     3.22901e-05     7.50071e-05     0.000250595     0.000103411     7.15287e-05        2.56e-05     3.12217e-05     6.38238e-05     2.82024e-05     8.52897e-05     1.19786e-05     4.99629e-05      0.00096044     0.000832288 
       0.3     6.51339e-06      0.00066183     0.000386821      0.00071334     6.20224e-05     0.000156859      0.00052967     0.000221651     0.000135521     5.45769e-05     6.67072e-05      0.00012064     6.09989e-05     0.000188324      2.5861e-05     0.000106547      0.00184396      0.00180191 
       0.4     1.14592e-05      0.00112381     0.000672003      0.00118099     0.000102732     0.000269861     0.000901804     0.000384808     0.000212241     9.39308e-05     0.000112531      0.00018887     0.000106473     0.000325585     4.44667e-05     0.000183916      0.00289009      0.00308374 
       0.5     1.75489e-05      0.00166779       0.0010116      0.00174365     0.000155315     0.000406264      0.00136652     0.000587241     0.000302013     0.000139374     0.000170872     0.000261162     0.000163061     0.000497705     6.77567e-05     0.000278053      0.00410545      0.00455859 
       0.6     2.53429e-05      0.00228449      0.00142019       0.0024186     0.000216132     0.000566084      0.00190817      0.00083401     0.000405267     0.000197977     0.000240509     0.000340091     0.000233623     0.000714568     9.67665e-05     0.000396588      0.00556079      0.00621085 
       0.7     3.42053e-05      0.00293706      0.00189967      0.00316081     0.000290957     0.000745945      0.00252346       0.0011274     0.000541792     0.000264497     0.000323839     0.000423559      0.00031496     0.000977824     0.000131863     0.000535364      0.00743577      0.00779024 
       0.8     4.37638e-05      0.00363988       0.0023852      0.00402871     0.000387256     0.000965307      0.00321126      0.00144391     0.000716297     0.000333981     0.000427015     0.000524018     0.000406976      0.00127119     0.000168745     0.000687429      0.00979615      0.00932143 
       0.9     5.28102e-05      0.00414217      0.00293613      0.00519231     0.000467414      0.00120792      0.00398811      0.00180807     0.000962683     0.000422921     0.000554503     0.000669823     0.000511539      0.00155176     0.000200954     0.000871842       0.0128067       0.0107372 

 ***  gamma_UL(h) - Upper Limits on Directional Variograms: 
         h        factor#1        factor#2        factor#3        -------> 
       0.1     2.00731e-05     0.000311716     9.60394e-05      0.00028229     5.49675e-05     7.88572e-05     0.000114712     5.36694e-05     8.91404e-05     7.48131e-05     2.44523e-05     0.000105476     2.24064e-05     4.86719e-05     1.38677e-05     3.34937e-05     0.000469715     0.000382356 
       0.2     5.26288e-05     0.000747748     0.000345588     0.000984259     0.000118593     0.000287721     0.000406022     0.000202583     0.000308223     0.000158338     8.69333e-05     0.000307466     6.37667e-05     0.000166526     3.38832e-05     0.000105962      0.00158741      0.00145886 
       0.3      6.8735e-05      0.00131121     0.000737059      0.00192507     0.000166003     0.000598345     0.000868015     0.000442543      0.00065392     0.000212715     0.000188956     0.000592018     0.000129754     0.000360317     6.26243e-05     0.000207173      0.00308567      0.00317032 
       0.4     6.47864e-05      0.00210993       0.0012898      0.00302372     0.000239695       0.0010066      0.00150541     0.000774674      0.00113424     0.000299067     0.000315194      0.00096442     0.000227915     0.000622502     0.000106762     0.000347634      0.00491152       0.0054267 
       0.5     6.85389e-05      0.00311446      0.00197823      0.00426504     0.000343771      0.00144402      0.00229982      0.00118486      0.00165658     0.000397847     0.000474081      0.00135053     0.000342526     0.000958845     0.000162751     0.000526349      0.00713575      0.00806284 
       0.6     8.85551e-05      0.00421189      0.00279178      0.00571582     0.000456207      0.00189363      0.00323174      0.00168309      0.00223304     0.000534667     0.000649857      0.00174824     0.000490302      0.00136835     0.000231704     0.000754209       0.0097049       0.0108763 
       0.7     0.000136418       0.0054394      0.00368318      0.00749948     0.000608831      0.00229216      0.00427325      0.00226507      0.00279716     0.000710258     0.000863638      0.00221157     0.000647294      0.00185709     0.000315204      0.00101029       0.0128373       0.0134921 
       0.8      0.00022054      0.00680154      0.00466156      0.00973795     0.000828825      0.00255842      0.00534204      0.00289614      0.00342595     0.000967526      0.00110298      0.00278056     0.000831158      0.00241338     0.000370999      0.00130361       0.0164966       0.0155241 
       0.9      0.00022153      0.00746028      0.00571917       0.0124766     0.000919473      0.00282483      0.00655468      0.00361943      0.00407142      0.00151267      0.00141432      0.00334496      0.00104911      0.00297302     0.000432598      0.00165206       0.0210221       0.0173844 

 ***  IVARS_LL(H) - Lower Limits on Integrated Variograms: 
         H        factor#1        factor#2        factor#3        -------> 
       0.1     4.44603e-08     4.47285e-06     2.43374e-06     5.06772e-06     4.76999e-07     1.13501e-06     3.42129e-06     1.33607e-06     1.10614e-06     3.47134e-07     4.47252e-07     9.81947e-07     3.72239e-07     1.13986e-06     1.59212e-07     6.63614e-07     1.41109e-05     1.11001e-05 
       0.3     7.21942e-07     7.36843e-05     4.25497e-05     8.07604e-05     7.29432e-06     1.76569e-05     5.86494e-05       2.412e-05     1.64263e-05     6.02096e-06     7.30297e-06     1.48061e-05     6.64447e-06      2.0179e-05     2.82287e-06     1.16698e-05     0.000217425     0.000195591 
       0.5     3.08036e-06     0.000303325     0.000180079     0.000322769     2.87222e-05      7.2782e-05     0.000243642     0.000103328     5.95328e-05     2.54625e-05     3.04271e-05     5.37914e-05     2.83966e-05     8.79872e-05     1.20439e-05     4.95048e-05     0.000810449     0.000823599 

 ***  IVARS_UL(H) - Upper Limits on Integrated Variograms: 
         H        factor#1        factor#2        factor#3        -------> 
       0.1     1.00366e-06     1.55858e-05     4.80197e-06     1.41145e-05     2.74838e-06     3.94286e-06     5.73562e-06     2.68347e-06     4.45702e-06     3.74066e-06     1.22261e-06     5.27378e-06     1.12032e-06      2.4336e-06     6.93386e-07     1.67468e-06     2.34857e-05     1.91178e-05 
       0.3     1.07069e-05     0.000170245     8.05029e-05     0.000222695     2.55539e-05     6.67484e-05     9.50541e-05     4.76975e-05     7.15527e-05     3.38582e-05     2.05789e-05     7.02325e-05     1.49847e-05     3.91959e-05     7.82378e-06     2.40256e-05     0.000358352     0.000343096 
       0.5     2.34539e-05     0.000593258     0.000344286     0.000832502     7.45686e-05     0.000268905     0.000403029     0.000206143     0.000300062     9.37771e-05     8.52448e-05     0.000263254     6.13289e-05     0.000167081     2.97359e-05     9.52006e-05      0.00135953      0.00144272 

 ***  VARS-TO_LL - Lower Limits on Sobol Total-Order Effects calculated through VARS: 
                  factor#1        factor#2        factor#3        -------> 
               0.000757264       0.0703817       0.0427804       0.0737934      0.00673817        0.017253       0.0574507       0.0249261       0.0126477      0.00606908      0.00714248       0.0106915      0.00696601       0.0215502      0.00293698       0.0119325        0.171944        0.188361 

 ***  VARS-TO_UL - Lower Limits on Sobol Total-Order Effects calculated through VARS: 
                  factor#1        factor#2        factor#3        -------> 
                0.00431251         0.13477       0.0831991        0.178362       0.0159229          0.0608       0.0965658        0.050295       0.0681193       0.0167532       0.0196465       0.0554514        0.014629        0.040858       0.0071477       0.0227537        0.298155        0.331539 

 ***  Reliability Estimates of Factor Rankings based on IVARS: 
         H        factor#1        factor#2        factor#3        -------> 
       0.1           0.443            0.53           0.505           0.524           0.195           0.176           0.781           0.271            0.19           0.145           0.285           0.237            0.46           0.285           0.511           0.363           0.906           0.806 
       0.3           0.659           0.674            0.63           0.693           0.231           0.124           0.805           0.192           0.216           0.156           0.283           0.193           0.408            0.27           0.653           0.343           0.684           0.678 
       0.5           0.972           0.704           0.674           0.732           0.287           0.127           0.814           0.339           0.206           0.187           0.291           0.179           0.325           0.229           0.966           0.501            0.55           0.564 

 ***  Reliability Estimates of Factor Rankings based on VARS-TO: 
                  factor#1        factor#2        factor#3        -------> 
                     0.999           0.663           0.728           0.705           0.278           0.139           0.791            0.24           0.135           0.372           0.361            0.19           0.365           0.164            0.99           0.563           0.677           0.691 

 ***  Factor Grouping based on VARS-TO & IVARS50: 
                  factor#1        factor#2        factor#3        -------> 
 VARS-TO              5               4               4               4               2               3               4               3               3               2               2               3               2               3               5               2               1               1 
 IVARS50              1               3               2               3               4               2               2               2               2               2               4               2               4               2               1               4               3               3 

 ***  Reliability Estimates of Rankings based on Factor Grouping: 
                  factor#1        factor#2        factor#3        -------> 
 VARS-TO              1               1           0.814           0.982           0.991           0.918           0.996           0.999           0.803            0.99           0.981           0.815           0.999               1           0.991           0.766           0.984               1 
 IVARS50          0.923           0.964               1           0.976           0.529            0.99            0.97           0.977           0.925            0.61           0.912           0.911           0.994           0.918           0.995           0.849               1               1 
