 -------- Variogram Analysis of Response Surfaces (VARS) Output File -------- 
 VARS settings: 
 Target Number of Stars = 100 
 Current Number of Stars = 50 
 minimum h = 0.1 
 Bootstrap Size = 1000 
 Bootstrap Confidence Level = 0.9 

 ***  gamma(h) - Directional Variograms: 
         h        factor#1        factor#2        factor#3        -------> 
       0.1     9.38535e-07     7.85354e-05     5.20775e-05     0.000217615     3.20338e-05     1.73059e-05     5.73332e-05     2.40839e-05     3.30636e-05     4.91063e-06     6.31411e-06     3.56047e-05     7.67172e-06     1.95769e-05     2.70277e-06     1.15203e-05     0.000293499     0.000231439 
       0.2     3.29102e-06     0.000300238     0.000201399     0.000721707     7.29259e-05     6.70362e-05     0.000221576     9.44901e-05     7.76483e-05     1.87714e-05     2.21224e-05     0.000135144     3.00425e-05     7.56664e-05     1.01611e-05     4.45618e-05      0.00097105     0.000878578 
       0.3     7.25196e-06     0.000644006        0.000445      0.00135133     0.000107197     0.000149691     0.000486427     0.000209872     0.000114822      4.1358e-05     4.62522e-05     0.000270316     6.65921e-05     0.000166655       2.178e-05     9.92076e-05      0.00180171      0.00190336 
       0.4     1.27935e-05      0.00111128     0.000780714      0.00200524     0.000150625     0.000265144     0.000840131     0.000370326     0.000159486     7.25029e-05     7.80614e-05     0.000443903     0.000117129     0.000291791     3.73987e-05     0.000172523      0.00280759      0.00328266 
       0.5     1.94631e-05       0.0016939      0.00121218      0.00274291     0.000212355     0.000411487      0.00129054     0.000574468     0.000216016     0.000113228     0.000119069     0.000620633     0.000181149     0.000451176     5.78184e-05     0.000265904      0.00404212      0.00491587 
       0.6     2.82522e-05      0.00230722      0.00169751      0.00368382     0.000291673     0.000586839      0.00183066     0.000821598     0.000290735      0.00016176       0.0001689     0.000804956     0.000260412      0.00064452     8.27457e-05     0.000381873      0.00552838      0.00673983 
       0.7     3.78522e-05      0.00297286      0.00224188      0.00494412     0.000390392     0.000788933      0.00247361      0.00111196     0.000396381     0.000221612     0.000231102      0.00103296     0.000355015     0.000875973     0.000114334     0.000524104      0.00741879      0.00855831 
       0.8      4.8617e-05      0.00372071       0.0028554      0.00666385     0.000530097      0.00101993      0.00317236      0.00145012     0.000559548     0.000292507     0.000307196      0.00134471     0.000465182      0.00114923     0.000152509     0.000680592      0.00997587        0.010213 
       0.9     6.02223e-05      0.00439697      0.00356832      0.00872536     0.000569487      0.00130146      0.00394897      0.00183462     0.000869023     0.000375464     0.000400642      0.00163187     0.000587531      0.00146932     0.000194147     0.000864478       0.0133389       0.0117532 

 ***  COV(h) - Directional Covariograms: 
         h        factor#1        factor#2        factor#3        -------> 
       0.1      0.00739414      0.00775207      0.00722781      0.00880367      0.00762183      0.00840437      0.00799733      0.00697923      0.00721203       0.0075457      0.00738704      0.00807454      0.00672335      0.00719823      0.00713408      0.00776901      0.00589272      0.00743923 
       0.2      0.00739155       0.0074494      0.00704893      0.00813328      0.00756601      0.00834721      0.00778397      0.00688353      0.00715742      0.00752778      0.00735799       0.0079372      0.00669375      0.00711792      0.00713157      0.00772174      0.00498916      0.00666981 
       0.3      0.00738709      0.00711887      0.00680195      0.00758136      0.00753639      0.00827436      0.00751203      0.00677033      0.00713708      0.00750985      0.00733518      0.00781241      0.00666064        0.007033      0.00712143      0.00767157      0.00424145       0.0056147 
       0.4      0.00738396      0.00672598      0.00649764      0.00713609       0.0074978      0.00817606      0.00720889      0.00663764      0.00711689      0.00748296      0.00731509      0.00767864      0.00661893      0.00693495      0.00710444      0.00761542      0.00353928      0.00436147 
       0.5      0.00737632      0.00625913      0.00614571      0.00670891      0.00744827      0.00803939      0.00684998      0.00648389      0.00710117      0.00744991      0.00729971      0.00757362      0.00656754      0.00682685      0.00707618      0.00754698      0.00280801      0.00296981 
       0.6      0.00736608      0.00581947      0.00577969      0.00623375      0.00738726      0.00787854      0.00644712      0.00631234      0.00708766      0.00741289       0.0072883      0.00749686      0.00650723      0.00671043       0.0070395      0.00746843      0.00207664      0.00150818 
       0.7       0.0073613      0.00542386      0.00537487      0.00571902      0.00730999      0.00772452       0.0059984      0.00612874      0.00707315      0.00736936      0.00727481       0.0074215      0.00644375      0.00658492      0.00699817      0.00738703      0.00131426     0.000185151 
       0.8      0.00735093      0.00504591      0.00493271      0.00517531      0.00721729      0.00757746      0.00550808      0.00592957      0.00708613      0.00733696      0.00726621      0.00733717       0.0063831      0.00646655      0.00695057      0.00731863     0.000433928    -0.000978176 
       0.9      0.00734192      0.00465793      0.00449161       0.0046013        0.007152      0.00741223      0.00496431      0.00571907      0.00709702      0.00730041      0.00724689      0.00731931      0.00632022      0.00635068      0.00691477      0.00723966    -0.000513635     -0.00193246 

 ***  ECOV(h) - Directional Expected Covariograms: 
         h        factor#1        factor#2        factor#3        -------> 
       0.1     9.97244e-06     0.000832409     0.000603291      0.00131196     0.000101243     0.000208334     0.000654005     0.000292638     8.48999e-05     5.76771e-05      5.9364e-05     0.000297483     9.30144e-05     0.000229219     2.96642e-05     0.000136448      0.00191679      0.00243006 
       0.2      6.5894e-06     0.000528797     0.000397332     0.000687395     3.93202e-05     0.000138456     0.000423873     0.000192407     3.84228e-05     3.78731e-05     3.78292e-05     0.000167867     6.08454e-05     0.000150031     1.89559e-05     8.94442e-05      0.00107908       0.0015625 
       0.3      2.5871e-06     0.000185545     0.000153653     0.000126476     9.86469e-06     5.56672e-05     0.000158674      7.7667e-05     8.84189e-06     1.55612e-05     1.45879e-05     4.49025e-05     2.45421e-05     6.02676e-05      7.6137e-06     3.46962e-05     0.000327469     0.000490508 
       0.4    -1.96758e-06    -0.000209263     -0.00012473    -0.000362648    -2.17451e-05    -3.88036e-05    -0.000127016    -5.25324e-05    -2.08485e-05    -9.33775e-06    -1.04338e-05    -9.65934e-05    -1.61624e-05    -4.04736e-05    -4.69384e-06    -2.37778e-05    -0.000445707    -0.000696015 
       0.5    -6.59041e-06    -0.000639105     -0.00043748    -0.000851748     -6.1252e-05    -0.000142614    -0.000446059    -0.000196604    -5.40218e-05    -3.80805e-05    -3.89642e-05    -0.000226626    -6.09767e-05    -0.000152605    -1.89242e-05    -8.90093e-05     -0.00128735     -0.00188539 
       0.6    -1.23092e-05     -0.00102325    -0.000744739      -0.0014198    -0.000107234    -0.000254167    -0.000789121    -0.000353628    -9.37055e-05    -6.86383e-05    -7.00801e-05    -0.000340901     -0.00011143     -0.00027507    -3.45676e-05    -0.000162753     -0.00218427      -0.0030436 
       0.7    -1.79008e-05     -0.00139249     -0.00105642     -0.00208845    -0.000159859    -0.000371857     -0.00116389     -0.00052334    -0.000144949    -0.000103931    -0.000106048     -0.00045511    -0.000167086    -0.000410224     -5.3272e-05    -0.000246896     -0.00320431     -0.00404241 
       0.8     -2.3775e-05     -0.00176287     -0.00137684     -0.00284444    -0.000223564    -0.000497536     -0.00153173    -0.000708384    -0.000213862    -0.000143347     -0.00014648    -0.000586715    -0.000227869    -0.000559169    -7.45068e-05     -0.00033214     -0.00440255      -0.0048249 
       0.9    -2.96937e-05     -0.00204751     -0.00171966      -0.0035799    -0.000257941    -0.000643487     -0.00190617    -0.000906468    -0.000310753    -0.000187277      -0.0001907    -0.000689589    -0.000291978    -0.000722782    -9.65081e-05    -0.000427239     -0.00568386     -0.00540197 

 ***  IVARS(H) - Integrated Variograms: 
         H        factor#1        factor#2        factor#3        -------> 
       0.1     4.69268e-08     3.92677e-06     2.60387e-06     1.08808e-05     1.60169e-06     8.65294e-07     2.86666e-06      1.2042e-06     1.65318e-06     2.45531e-07     3.15706e-07     1.78024e-06     3.83586e-07     9.78845e-07     1.35138e-07     5.76016e-07      1.4675e-05      1.1572e-05 
       0.3     7.85554e-07     7.00777e-05     4.75977e-05     0.000161499     1.58558e-05     1.59187e-05     5.22123e-05      2.2351e-05     1.68123e-05     4.43611e-06     5.15627e-06     3.05906e-05     7.10103e-06     1.78571e-05     2.37539e-06     1.05686e-05     0.000216541      0.00020617 
       0.5     3.40066e-06     0.000298101     0.000208528     0.000566735      4.6896e-05      7.0492e-05     0.000225074     9.86006e-05     4.93027e-05     1.94157e-05     2.12284e-05     0.000119528     3.12011e-05     7.79277e-05     1.00952e-05     4.60765e-05     0.000789491     0.000875397 

 ***  Factor Rankings based on IVARS: 
         H        factor#1        factor#2        factor#3        -------> 
       0.1              18               4               6               3               9              12               5              10               8              16              15               7              14              11              17              13               1               2 
       0.3              18               4               6               3              12              11               5               8              10              16              15               7              14               9              17              13               1               2 
       0.5              18               4               6               3              12              10               5               8              11              16              15               7              14               9              17              13               2               1 

 ***  VARS-TO - Sobol Total-Order Effects calculated through VARS: 
                  factor#1        factor#2        factor#3        -------> 
                0.00142142        0.118673       0.0853779        0.199265       0.0173626       0.0293952       0.0926694       0.0412608       0.0153677       0.0081536       0.0085562        0.043393       0.0131169       0.0324118       0.0042166       0.0192765        0.287945        0.346727 

 ***  Factor Rankings based on VARS-TO: 
                  factor#1        factor#2        factor#3        -------> 
                        18               4               6               3              12              10               5               8              13              16              15               7              14               9              17              11               2               1 

 ***  VARS-ABE - Morris mean ABsolute Elementary effects across scales: 
   delta x        factor#1        factor#2        factor#3        -------> 
       0.1      0.00086561      0.00845751      0.00662546      0.00815657      0.00249803      0.00388407      0.00748932      0.00470939       0.0022494      0.00198179      0.00216972      0.00209836      0.00236994      0.00384431      0.00147617      0.00297777       0.0134681        0.013901 
       0.2      0.00170504       0.0167316       0.0131999       0.0155232      0.00477025      0.00767622       0.0148813       0.0093824      0.00398745       0.0039201      0.00427271      0.00401421      0.00472312      0.00761488      0.00288442      0.00593303       0.0254638       0.0280106 
       0.3      0.00254859       0.0250358       0.0197728       0.0226362      0.00687819       0.0114541        0.022233       0.0140301      0.00556605      0.00583945       0.0063353      0.00585961      0.00706588       0.0113536      0.00424325       0.0088881       0.0364746       0.0423336 
       0.4      0.00339672       0.0332261       0.0262969       0.0294421      0.00899527       0.0152197       0.0294539       0.0186819      0.00709967      0.00775287      0.00838005      0.00770728      0.00940548       0.0151004      0.00558784       0.0117626       0.0474029       0.0567704 
       0.5      0.00422682       0.0414851       0.0328444       0.0364522       0.0111551       0.0189475       0.0368468        0.023321      0.00872155      0.00971759       0.0104604      0.00956291       0.0117427       0.0188753      0.00695003       0.0146643       0.0588244       0.0710257 
       0.6      0.00508252       0.0491467       0.0391384       0.0441383        0.013494       0.0226601       0.0441808       0.0280229       0.0105035       0.0116173       0.0125623       0.0113536       0.0140963       0.0226483      0.00832283       0.0176133        0.071104       0.0848846 
       0.7       0.0059143       0.0565028       0.0454552       0.0527629       0.0158864        0.026324       0.0516973       0.0327368       0.0126066       0.0136021       0.0147567       0.0131594       0.0164548       0.0264746      0.00976635       0.0206739       0.0851029       0.0977511 
       0.8      0.00671955       0.0636374       0.0516379       0.0619922       0.0187473       0.0299846       0.0591819       0.0375296       0.0153073       0.0156443        0.017038       0.0151682       0.0188363       0.0304188       0.0112897       0.0235882        0.101833        0.109376 
       0.9      0.00743671       0.0704998       0.0580529       0.0710008       0.0203466       0.0338776       0.0667007       0.0423744        0.019134       0.0177421       0.0194121       0.0169309       0.0211736       0.0344191       0.0127931       0.0265663        0.121168        0.120209 

 ***  VARS-ACE - Morris mean ACtual Elementary effects across scales: 
   delta x        factor#1        factor#2        factor#3        -------> 
       0.1     0.000757256     -0.00768835     -0.00645032     -0.00788898     -0.00171174      0.00361903      0.00702034      0.00470827      0.00201843      0.00197134      0.00215679       0.0011393      0.00235262      0.00382434     -0.00142146       0.0029245       0.0134631      -0.0125262 
       0.2      0.00153152      -0.0156149      -0.0129095      -0.0154981      -0.0032819      0.00718936       0.0139758       0.0093824      0.00361459      0.00391106      0.00425825      0.00221569      0.00470909      0.00760471     -0.00282013      0.00585642       0.0254583      -0.0261546 
       0.3      0.00230809      -0.0238013       -0.019391      -0.0226059     -0.00515306       0.0107967       0.0209351       0.0140301      0.00504987      0.00582947      0.00632093      0.00322891      0.00705108       0.0113463     -0.00416982      0.00879505       0.0364727       -0.040514 
       0.4      0.00308187      -0.0321527      -0.0258672      -0.0294081     -0.00702885       0.0144384       0.0277577       0.0186819       0.0064691      0.00774173      0.00836796      0.00425465      0.00938921       0.0150989     -0.00551171       0.0116528       0.0474026      -0.0548943 
       0.5      0.00384196      -0.0404778      -0.0324045      -0.0364242     -0.00878954       0.0180575       0.0346504        0.023321      0.00798143      0.00970736       0.0104495      0.00528334       0.0117231        0.018875        -0.00688       0.0145405        0.058824      -0.0688347 
       0.6       0.0046228       -0.048229      -0.0388008      -0.0441121      -0.0105433       0.0216576       0.0416365       0.0280229      0.00970365       0.0116126       0.0125519      0.00638197       0.0140838       0.0226483     -0.00826756       0.0174792        0.071104      -0.0823414 
       0.7      0.00538554      -0.0555363      -0.0452457       -0.052747      -0.0120238       0.0251924       0.0488486       0.0327368        0.011783       0.0136021       0.0147488      0.00753413       0.0164525       0.0264746     -0.00972958       0.0205218       0.0851029      -0.0945327 
       0.8      0.00612609      -0.0624594      -0.0516379      -0.0619922      -0.0131276       0.0287574       0.0559032       0.0375296       0.0144584       0.0156443        0.017033      0.00886276       0.0188363       0.0304188      -0.0112805       0.0234257        0.101833       -0.104618 
       0.9       0.0068153      -0.0691952      -0.0580529      -0.0710008      -0.0154057       0.0325713       0.0631831       0.0423744       0.0181659       0.0177421       0.0194111       0.0102537       0.0211736       0.0344191      -0.0127931       0.0263205        0.121168       -0.112735 

 ********         Bootstrapping Results        ******** 
 ***  gamma_LL(h) - Lower Limits on Directional Variograms: 
         h        factor#1        factor#2        factor#3        -------> 
       0.1     4.85791e-07      4.3875e-05     2.61154e-05     7.60674e-05     3.78082e-06     8.67953e-06     3.66692e-05     1.32795e-05     5.89078e-06     2.63846e-06     3.46049e-06     1.18925e-06      3.9441e-06     1.02811e-05       1.555e-06     6.27672e-06     0.000189601     0.000135828 
       0.2     1.69523e-06     0.000166442     0.000101974     0.000260031     1.47118e-05     3.28762e-05     0.000139176     5.12204e-05     1.79943e-05      1.0031e-05      1.3061e-05     3.59813e-06     1.52612e-05     3.98494e-05     5.75908e-06     2.37788e-05     0.000615724     0.000509263 
       0.3     3.67023e-06     0.000352725     0.000225171     0.000517707     3.26031e-05      7.2916e-05     0.000300151      0.00011157     3.23473e-05      2.1955e-05     2.74984e-05     7.16213e-06     3.38815e-05     8.70174e-05     1.22457e-05     5.25173e-05      0.00116249      0.00108849 
       0.4     6.46383e-06     0.000607979     0.000391808     0.000821757     5.73841e-05     0.000126866     0.000516486     0.000195509     4.91717e-05     3.87167e-05     4.66996e-05     1.15339e-05     5.97006e-05     0.000150144     2.05631e-05     9.05943e-05       0.0018081      0.00184573 
       0.5     9.88231e-06     0.000924992      0.00059879      0.00117346     8.86215e-05     0.000194275     0.000790717      0.00030105     6.98658e-05     6.04456e-05     7.17884e-05     1.69776e-05     9.21783e-05     0.000230853     3.15022e-05     0.000140232      0.00255181      0.00277369 
       0.6     1.41877e-05      0.00129365     0.000851323      0.00165159     0.000127575     0.000275861       0.0011178     0.000429206     9.68065e-05     8.61981e-05     0.000102422      2.2919e-05     0.000132817     0.000330266     4.52223e-05     0.000200831       0.0034978      0.00387971 
       0.7      1.8966e-05      0.00167576      0.00114295      0.00220974     0.000172074     0.000372241      0.00150649     0.000583105     0.000131646      0.00011765      0.00013929     3.02892e-05     0.000180293     0.000451468     6.20841e-05     0.000278313      0.00478161      0.00504056 
       0.8     2.43361e-05      0.00208893      0.00147602      0.00293525     0.000225107     0.000482939      0.00194553     0.000761952     0.000185436     0.000154372     0.000183192     3.81047e-05     0.000236345     0.000598308     8.42283e-05     0.000361497      0.00647862      0.00641316 
       0.9     2.91736e-05      0.00256716      0.00184825      0.00370102     0.000275651     0.000616284      0.00247713     0.000976944     0.000259195     0.000197986     0.000237932     4.77182e-05       0.0002972     0.000771735     0.000106879     0.000461825      0.00882561      0.00769561 

 ***  gamma_UL(h) - Upper Limits on Directional Variograms: 
         h        factor#1        factor#2        factor#3        -------> 
       0.1     1.47274e-06      0.00011724     8.14101e-05      0.00038257      8.4403e-05     2.77238e-05     8.06583e-05     3.74008e-05     7.62141e-05     7.56567e-06     9.58402e-06     9.90471e-05     1.17693e-05     3.11656e-05     4.04073e-06     1.79146e-05     0.000403108     0.000336542 
       0.2     5.18353e-06     0.000455419     0.000312827      0.00128566     0.000172943     0.000108035     0.000319753     0.000148313     0.000164549     2.90981e-05     3.23155e-05      0.00037939     4.62715e-05     0.000120196     1.54886e-05     6.93224e-05      0.00132859      0.00128281 
       0.3     1.15767e-05     0.000986552      0.00069415      0.00235614     0.000219442     0.000243981     0.000710984     0.000332656     0.000225633     6.43121e-05      6.6571e-05     0.000754875      0.00010277     0.000265018     3.36732e-05     0.000154725      0.00246866      0.00284649 
       0.4     2.04477e-05      0.00171478      0.00122821      0.00340262      0.00027549     0.000436264       0.0012358     0.000589071     0.000299669     0.000113248     0.000111044      0.00123684     0.000181013     0.000464136     5.81737e-05     0.000270512       0.0038718      0.00496985 
       0.5     3.10127e-05       0.0026233      0.00192119       0.0045299     0.000371132     0.000680773      0.00189005     0.000914296     0.000395444     0.000176751     0.000168356      0.00171963     0.000280192      0.00071711     9.01946e-05     0.000417261       0.0056502      0.00742044 
       0.6     4.53265e-05      0.00355167        0.002684      0.00600184      0.00050181     0.000975152      0.00270648      0.00130915     0.000522015     0.000252852     0.000237616      0.00220976     0.000402469      0.00102147     0.000128921     0.000600983      0.00769199       0.0100399 
       0.7     6.08489e-05      0.00454762      0.00352951      0.00805603     0.000665894      0.00131015      0.00365102      0.00176803     0.000711771     0.000346761      0.00032568      0.00281564     0.000547584      0.00138504     0.000178623     0.000823476         0.01027       0.0125132 
       0.8     7.82689e-05      0.00567127      0.00445753       0.0109322     0.000918804      0.00168682      0.00466324      0.00230227      0.00102644     0.000458109     0.000435935      0.00366259     0.000717536       0.0018133     0.000237294       0.0010628       0.0136245       0.0145954 
       0.9       9.913e-05      0.00657362       0.0055958       0.0147183       0.0009173      0.00214262      0.00570856      0.00290226      0.00167028     0.000589163     0.000571975      0.00439899     0.000909094      0.00232265     0.000301867      0.00134756       0.0178948       0.0164325 

 ***  IVARS_LL(H) - Lower Limits on Integrated Variograms: 
         H        factor#1        factor#2        factor#3        -------> 
       0.1     2.42896e-08     2.19375e-06     1.30577e-06     3.80337e-06     1.89041e-07     4.33977e-07     1.83346e-06     6.63976e-07     2.94539e-07     1.31923e-07     1.73024e-07     5.94623e-08     1.97205e-07     5.14055e-07     7.77499e-08     3.13836e-07     9.48004e-06      6.7914e-06 
       0.3     4.02043e-07     3.87156e-05     2.40232e-05     5.94276e-05     3.47272e-06     7.77661e-06     3.26991e-05     1.19898e-05     4.14181e-06     2.36711e-06     3.03979e-06     8.38297e-07     3.61682e-06     9.33681e-06     1.35027e-06     5.64547e-06      0.00013866     0.000119931 
       0.5     1.72868e-06     0.000162773     0.000105074     0.000228142      1.5296e-05     3.39619e-05     0.000139417     5.22063e-05     1.43184e-05     1.03568e-05      1.2686e-05     3.20346e-06       1.586e-05     4.02364e-05     5.59286e-06     2.43097e-05     0.000505248     0.000500062 

 ***  IVARS_UL(H) - Upper Limits on Integrated Variograms: 
         H        factor#1        factor#2        factor#3        -------> 
       0.1     7.36371e-08     5.86198e-06      4.0705e-06     1.91285e-05     4.22015e-06     1.38619e-06     4.03292e-06     1.87004e-06      3.8107e-06     3.78284e-07     4.79201e-07     4.95235e-06     5.88464e-07     1.55828e-06     2.02037e-07     8.95732e-07     2.01554e-05     1.68271e-05 
       0.3     1.24344e-06     0.000106668     7.40168e-05     0.000285993     3.67058e-05     2.57709e-05      7.5758e-05     3.51597e-05     3.53189e-05      6.8703e-06     7.50332e-06     8.55897e-05     1.09416e-05      2.8392e-05     3.63845e-06     1.64282e-05     0.000294427     0.000303103 
       0.5     5.43158e-06     0.000458345     0.000326671     0.000970487     9.28749e-05     0.000115639     0.000329283     0.000156625      9.6458e-05     3.02643e-05     3.01951e-05     0.000332996     4.82164e-05     0.000123885     1.57507e-05     7.21189e-05      0.00108424      0.00131086 

 ***  VARS-TO_LL - Lower Limits on Sobol Total-Order Effects calculated through VARS: 
                  factor#1        factor#2        factor#3        -------> 
               0.000723767       0.0660166       0.0428503       0.0862586      0.00642187       0.0139169       0.0565118         0.02166      0.00510815      0.00432654      0.00517585      0.00121037       0.0066876        0.016654      0.00231246       0.0101586        0.183189        0.197712 

 ***  VARS-TO_UL - Lower Limits on Sobol Total-Order Effects calculated through VARS: 
                  factor#1        factor#2        factor#3        -------> 
                0.00226385        0.182405        0.134705        0.326826        0.032297       0.0486441         0.13679       0.0656681       0.0277024       0.0127307       0.0120536        0.119769       0.0202397       0.0513054      0.00656895        0.030212        0.399949         0.52071 

 ***  Reliability Estimates of Factor Rankings based on IVARS: 
         H        factor#1        factor#2        factor#3        -------> 
       0.1           0.994           0.624           0.332           0.495           0.092           0.188           0.317           0.268           0.183           0.591           0.311           0.183            0.37            0.27           0.872           0.295           0.661            0.51 
       0.3           0.974           0.671           0.474           0.563           0.046           0.289           0.401           0.394           0.112           0.534           0.388           0.255           0.323           0.287           0.854           0.247           0.483           0.462 
       0.5           0.958           0.636           0.497           0.613           0.149           0.354            0.38           0.448           0.187           0.479            0.43           0.288           0.293           0.332           0.843           0.149           0.522           0.565 

 ***  Reliability Estimates of Factor Rankings based on VARS-TO: 
                  factor#1        factor#2        factor#3        -------> 
                     0.954           0.584           0.531           0.634           0.209           0.355           0.368           0.433           0.195           0.423           0.421           0.263           0.225           0.357           0.834           0.424           0.585           0.672 

 ***  Factor Grouping based on VARS-TO & IVARS50: 
                  factor#1        factor#2        factor#3        -------> 
 VARS-TO              1               2               2               2               3               3               2               3               3               1               1               3               3               3               1               3               2               2 
 IVARS50              3               1               1               2               4               4               1               4               4               3               3               4               3               4               3               4               2               2 

 ***  Reliability Estimates of Rankings based on Factor Grouping: 
                  factor#1        factor#2        factor#3        -------> 
 VARS-TO              1               1            0.86           0.996           0.914               1           0.935               1           0.849           0.801           0.654           0.492           0.991               1               1               1               1               1 
 IVARS50              1           0.942           0.562           0.933           0.466           0.999           0.797               1            0.75           0.999            0.77           0.395           0.474               1               1           0.977               1           0.998 
