 -------- Variogram Analysis of Response Surfaces (VARS) Output File -------- 
 VARS settings: 
 Target Number of Stars = 100 
 Current Number of Stars = 20 
 minimum h = 0.1 
 Bootstrap Size = 1000 
 Bootstrap Confidence Level = 0.9 

 ***  gamma(h) - Directional Variograms: 
         h        factor#1        factor#2        factor#3        -------> 
       0.1     1.63961e-05     0.000128636     3.56707e-05      0.00455939     5.55628e-05     1.36211e-05     2.42827e-05     0.000250792     0.000796477     5.65057e-05     0.000350293     0.000917222     5.93068e-05     0.000169211      2.5874e-05      0.00929195               0               0 
       0.2     5.64694e-05     0.000461813     0.000128105       0.0156935     0.000214153     2.57482e-05     8.27225e-05     0.000883132      0.00319536     0.000224097      0.00146244      0.00346441     0.000241246     0.000685528     0.000103966       0.0105838               0               0 
       0.3     0.000117392     0.000958529     0.000281182        0.029146     0.000497488     5.33904e-05     0.000164428      0.00174714      0.00709061     0.000509638      0.00337357      0.00724777      0.00053997      0.00156713     0.000243344      0.00771087               0               0 
       0.4     0.000200201      0.00160442     0.000465093       0.0421193     0.000882924      8.2521e-05     0.000258523      0.00275432       0.0121433     0.000924354      0.00605222       0.0118178     0.000956251      0.00281218     0.000433061      0.00986871               0               0 
       0.5     0.000303883      0.00235058     0.000693881       0.0551706      0.00138053     0.000116764     0.000403578      0.00398485       0.0181158      0.00145313      0.00938595       0.0166982      0.00148219      0.00438123     0.000679271      0.00870125               0               0 
       0.6     0.000422299      0.00328357     0.000979562       0.0709461      0.00195205     0.000161623     0.000532264      0.00548235       0.0248091      0.00206386       0.0133097        0.021774      0.00213349      0.00623739     0.000969791       0.0145842               0               0 
       0.7      0.00056025      0.00433911      0.00133478       0.0927286      0.00262035     0.000183888     0.000737979      0.00741295       0.0321521      0.00272123       0.0175567       0.0274408      0.00288894      0.00830245      0.00131242       0.0168837               0               0 
       0.8       0.0007512      0.00550203       0.0016628        0.120766      0.00326392     0.000195931     0.000987688      0.00995958       0.0392769      0.00349013       0.0217751       0.0340126      0.00375581       0.0104904      0.00162581      0.00368552               0               0 
       0.9       0.0010278       0.0071331       0.0020573        0.150694      0.00414827     0.000180182      0.00129414       0.0132365       0.0451095      0.00435529       0.0252301        0.041248      0.00458787       0.0128272      0.00199326      0.00220853               0               0 

 ***  COV(h) - Directional Covariograms: 
         h        factor#1        factor#2        factor#3        -------> 
       0.1       0.0373058       0.0556803       0.0433789       0.0354266       0.0456217       0.0373412        0.043421       0.0376183       0.0220037       0.0466834       0.0261394       0.0705238       0.0253515       0.0407672       0.0417602        0.022355       0.0394104       0.0394104 
       0.2       0.0374249       0.0557517       0.0434316       0.0201203        0.045519       0.0373867        0.043574       0.0370043       0.0181704       0.0464588       0.0243349       0.0688807       0.0250807        0.040076       0.0416782       0.0208786       0.0394104       0.0394104 
       0.3       0.0373764        0.055245        0.043289       0.0073691       0.0452538       0.0374542       0.0434815       0.0362213       0.0139671       0.0461725       0.0222625       0.0656972       0.0247808       0.0391874       0.0415443       0.0210052       0.0394104       0.0394104 
       0.4       0.0372138       0.0542595       0.0429455     -0.00114407       0.0448243       0.0372574        0.043227        0.035205       0.0100763       0.0457928       0.0201005         0.06069       0.0244882        0.038125       0.0413691       0.0197546       0.0394104       0.0394104 
       0.5       0.0369246       0.0528021       0.0424111     -0.00700889       0.0442074       0.0370717       0.0428119       0.0339941      0.00665815       0.0453361       0.0180072       0.0539545       0.0241143        0.036854       0.0411288       0.0223334       0.0394104       0.0394104 
       0.6       0.0365279       0.0508022        0.041667      -0.0120048       0.0434569       0.0367996       0.0422781       0.0325259      0.00379643       0.0448335       0.0159442        0.046096       0.0236911       0.0354449       0.0408473       0.0185674       0.0394104       0.0394104 
       0.7       0.0360492       0.0483618       0.0406847      -0.0173915       0.0425864       0.0362599        0.041473       0.0305905       0.0012932       0.0443178       0.0139365       0.0378632       0.0233509       0.0340546       0.0405434       0.0195607       0.0394104       0.0394104 
       0.8       0.0354657       0.0454072       0.0396232       -0.023213        0.041743       0.0360967       0.0404628       0.0283853    -0.000869877       0.0437244       0.0120015       0.0298703       0.0229389       0.0326399       0.0402862       0.0256381       0.0394104       0.0394104 
       0.9       0.0353576       0.0421138       0.0382615      -0.0289507       0.0406354       0.0355113       0.0398529       0.0257313     -0.00257129       0.0428775        0.010294       0.0223096       0.0226796       0.0310978       0.0400132       0.0233147       0.0394104       0.0394104 

 ***  ECOV(h) - Directional Expected Covariograms: 
         h        factor#1        factor#2        factor#3        -------> 
       0.1     0.000148408      0.00115133     0.000349358       0.0262311     0.000694067      5.2881e-05     0.000192743      0.00193407      0.00909156      0.00073179      0.00481379      0.00798821     0.000766525      0.00223073     0.000348228     0.000324771     8.62817e-33     8.62817e-33 
       0.2     9.49322e-05     0.000723156     0.000224253       0.0126675     0.000474089      3.6286e-05     0.000114335      0.00113074       0.0057717     0.000493163      0.00318339      0.00480091     0.000499389      0.00149092     0.000235886    -0.000400113     8.62817e-33     8.62817e-33 
       0.3     3.75391e-05     0.000237856     6.88011e-05     0.000474225     0.000179837      4.7618e-06     3.84004e-05     0.000341298      0.00178027      0.00020535      0.00119552      0.00113519     0.000200176     0.000587706     8.89005e-05    -0.000549193     8.62817e-33     8.62817e-33 
       0.4    -2.94577e-05    -0.000284861    -7.60644e-05     -0.00927748    -0.000136965     -2.1174e-05    -3.13682e-05    -0.000433576     -0.00245783    -0.000143215     -0.00105584     -0.00269494    -0.000138642    -0.000448873    -6.63955e-05      -0.0022655     8.62817e-33     8.62817e-33 
       0.5    -0.000103046    -0.000805979    -0.000236289      -0.0181032    -0.000495705    -4.57345e-05     -0.00013932     -0.00127833     -0.00681261    -0.000524421     -0.00345796     -0.00630228    -0.000508344      -0.0015728     -0.00024279     0.000169947     8.62817e-33     8.62817e-33 
       0.6    -0.000176322      -0.0014014    -0.000419125      -0.0275404    -0.000858923    -7.60709e-05    -0.000212353     -0.00219716      -0.0110793    -0.000913807     -0.00598432     -0.00946857    -0.000925294     -0.00276129    -0.000428589       -0.003811     8.62817e-33     8.62817e-33 
       0.7    -0.000252302       -0.001982    -0.000626099      -0.0382844     -0.00125135    -8.28131e-05    -0.000330389     -0.00326422      -0.0151735     -0.00129385     -0.00845792      -0.0123481      -0.0013698     -0.00396899    -0.000632723     -0.00402364     8.62817e-33     8.62817e-33 
       0.8    -0.000352623     -0.00251889    -0.000784273      -0.0488731     -0.00159277    -8.89224e-05    -0.000454632     -0.00448243      -0.0186291     -0.00171565      -0.0107185      -0.0150945     -0.00184912     -0.00515405    -0.000802813     -6.4205e-05     8.62817e-33     8.62817e-33 
       0.9    -0.000502662     -0.00320673    -0.000946636      -0.0571349     -0.00204669    -6.84109e-05    -0.000604804     -0.00583495      -0.0210697     -0.00216291       -0.012427      -0.0174382      -0.0022819     -0.00634245    -0.000995376    -4.70633e-05     8.62817e-33     8.62817e-33 

 ***  IVARS(H) - Integrated Variograms: 
         H        factor#1        factor#2        factor#3        -------> 
       0.1     8.19806e-07     6.43181e-06     1.78353e-06     0.000227969     2.77814e-06     6.81057e-07     1.21413e-06     1.25396e-05     3.98238e-05     2.82528e-06     1.75147e-05     4.58611e-05     2.96534e-06     8.46055e-06      1.2937e-06     0.000464598               0               0 
       0.3     1.31562e-05     0.000106971     3.04366e-05      0.00348259      5.1846e-05     6.60646e-06     1.89219e-05     0.000200749     0.000753714     5.35422e-05     0.000349952     0.000800551     5.70538e-05      0.00016383     2.51512e-05      0.00237312               0               0 
       0.5       5.424e-05     0.000432869     0.000125699       0.0119104     0.000234039     2.33663e-05     7.31746e-05     0.000762781      0.00322837     0.000244116      0.00159315      0.00317963     0.000253787     0.000742466     0.000114588      0.00418059               0               0 

 ***  Factor Rankings based on IVARS: 
         H        factor#1        factor#2        factor#3        -------> 
       0.1              15               8              12               2              11              16              14               6               4              10               5               3               9               7              13               1              17              18 
       0.3              15               8              12               1              11              16              14               6               4              10               5               3               9               7              13               2              17              18 
       0.5              15               8              12               1              11              16              14               6               3              10               5               4               9               7              13               2              17              18 

 ***  VARS-TO - Sobol Total-Order Effects calculated through VARS: 
                  factor#1        factor#2        factor#3        -------> 
                0.00401581       0.0311892      0.00938208        0.750281       0.0182664      0.00162047      0.00528833        0.053239        0.240944       0.0192086        0.125835        0.217001       0.0201233       0.0584799      0.00911585        0.234333     2.10245e-31     2.10245e-31 

 ***  Factor Rankings based on VARS-TO: 
                  factor#1        factor#2        factor#3        -------> 
                        15               8              12               1              11              16              14               7               2              10               5               4               9               6              13               3              17              18 

 ***  VARS-ABE - Morris mean ABsolute Elementary effects across scales: 
   delta x        factor#1        factor#2        factor#3        -------> 
       0.1      0.00209815       0.0060469      0.00297851       0.0487948      0.00395764       0.0019315      0.00239302      0.00905708       0.0160691      0.00430828       0.0105596       0.0166348      0.00426438      0.00754731        0.002854       0.0546351               0               0 
       0.2      0.00397166       0.0117546      0.00547751       0.0934755      0.00785073      0.00301663      0.00460461       0.0172201       0.0327853      0.00861283       0.0216298       0.0327298      0.00862926       0.0152561      0.00578127       0.0611826               0               0 
       0.3      0.00585267       0.0174358      0.00808761        0.132416       0.0119915      0.00451921      0.00662915        0.024892       0.0496432       0.0129924        0.032876       0.0486941       0.0129383        0.023122      0.00886526        0.047853               0               0 
       0.4      0.00778268       0.0228942       0.0105651        0.168015       0.0160144      0.00572581      0.00843819       0.0322539       0.0662437        0.017476       0.0440971       0.0646459       0.0172433       0.0310114       0.0118417       0.0539028               0               0 
       0.5      0.00976555       0.0283803        0.013078        0.206156       0.0200747      0.00688472       0.0104474       0.0399599       0.0828189       0.0219381       0.0551712        0.080691       0.0214849       0.0387934       0.0148595       0.0511255               0               0 
       0.6       0.0116685       0.0342422       0.0156661        0.252021       0.0240084      0.00801787       0.0119188       0.0482643       0.0993655       0.0262094       0.0661323       0.0967203       0.0258473        0.046495       0.0177458       0.0788049               0               0 
       0.7       0.0136446       0.0400189        0.018554        0.308967       0.0279552      0.00908591       0.0136573       0.0578004        0.115832       0.0302966       0.0766854        0.113256       0.0301454       0.0539116       0.0206538       0.0879659               0               0 
       0.8       0.0158585       0.0459007       0.0208409        0.373897        0.031323      0.00930225       0.0154898       0.0684262        0.131124       0.0344055       0.0864566        0.130375       0.0344383       0.0609453       0.0230639       0.0405862               0               0 
       0.9       0.0184617        0.052568       0.0233259        0.439129       0.0352731      0.00947438       0.0173138       0.0801913        0.144582        0.038598       0.0949319        0.147748       0.0381873        0.067748       0.0255228       0.0280636               0               0 

 ***  VARS-ACE - Morris mean ACtual Elementary effects across scales: 
   delta x        factor#1        factor#2        factor#3        -------> 
       0.1     -0.00205026      0.00574887     -0.00249261      -0.0487921     -0.00390576     -0.00099744     -0.00179128      0.00889367       0.0160647      0.00428587        0.010548       0.0164164      0.00422873      0.00751451     -0.00283339     -0.00279097               0               0 
       0.2     -0.00396188       0.0112839     -0.00501872      -0.0934742      -0.0077989     -0.00229531      -0.0036591       0.0170772        0.032781      0.00859474       0.0216142       0.0325937      0.00859005       0.0152079       -0.005753     -0.00897806               0               0 
       0.3     -0.00584307       0.0168599     -0.00762925       -0.132414      -0.0119297     -0.00374892      -0.0053497       0.0247327       0.0496423       0.0129759       0.0328652       0.0485382       0.0128868       0.0230531     -0.00883163      -0.0279337               0               0 
       0.4     -0.00777287       0.0224229      -0.0100078       -0.168014       -0.015943     -0.00511554     -0.00698805       0.0321237       0.0662437       0.0174613       0.0440864       0.0644781       0.0171901       0.0309212      -0.0118004      -0.0380376               0               0 
       0.5     -0.00975672       0.0278836      -0.0125327       -0.206155      -0.0199944     -0.00628128     -0.00887282       0.0398768       0.0828189       0.0219216       0.0551621       0.0805698        0.021431       0.0386942      -0.0148152      -0.0480243               0               0 
       0.6      -0.0116593       0.0336344      -0.0150118       -0.252021      -0.0239145     -0.00767331      -0.0104821       0.0481856       0.0993655       0.0261919       0.0661296       0.0967171       0.0257851       0.0463818      -0.0177006      -0.0570563               0               0 
       0.7      -0.0136338       0.0393398      -0.0178016       -0.308967       -0.027836     -0.00874747      -0.0124826       0.0577097        0.115832       0.0302771       0.0766854        0.113256       0.0300691       0.0537905      -0.0206071      -0.0651787               0               0 
       0.8      -0.0158475       0.0451355      -0.0200749       -0.373897      -0.0311956     -0.00918124      -0.0146364       0.0683087        0.131124       0.0343789       0.0864566        0.130375       0.0343602       0.0608317       -0.023012      -0.0359122               0               0 
       0.9      -0.0184524       0.0517398      -0.0224335       -0.439129      -0.0351518     -0.00897696      -0.0161215        0.080043        0.144582       0.0385728       0.0949319        0.147748       0.0380586       0.0676306      -0.0255005      -0.0251187               0               0 

 ********         Bootstrapping Results        ******** 
 ***  gamma_LL(h) - Lower Limits on Directional Variograms: 
         h        factor#1        factor#2        factor#3        -------> 
       0.1     1.00482e-06     1.45168e-05     1.29502e-06      0.00311023     2.77383e-06      1.6849e-06     1.44436e-06     6.93152e-05     0.000163308     1.06149e-05     3.04431e-05     0.000276953     4.97578e-06     3.79899e-05     2.68314e-06      0.00299528               0               0 
       0.2     3.98271e-06     5.82136e-05     3.22997e-06       0.0104305     1.09047e-05     4.47211e-06      5.1903e-06     0.000241218     0.000572913     4.14598e-05     0.000107651      0.00101853     1.96615e-05     0.000147826     1.07998e-05      0.00374781               0               0 
       0.3     8.69235e-06     0.000132543      5.4926e-06       0.0183768     2.44038e-05     7.93297e-06      1.0885e-05     0.000469578      0.00113467     9.14757e-05     0.000223935      0.00230601     4.23987e-05     0.000324439     2.45604e-05      0.00302963               0               0 
       0.4     1.51927e-05     0.000234873     8.61366e-06       0.0258839     4.22333e-05     1.14434e-05     1.75535e-05        0.000693      0.00180775     0.000159693      0.00037135      0.00328791     7.37866e-05     0.000558926     4.34575e-05      0.00379493               0               0 
       0.5     2.37422e-05     0.000358534     1.23726e-05         0.03353     6.53761e-05      1.6357e-05     2.16986e-05     0.000960909      0.00252249     0.000245268     0.000545311      0.00430238      0.00011265     0.000851864     6.75864e-05       0.0030125               0               0 
       0.6      3.3986e-05     0.000517566       1.605e-05       0.0428282      9.4547e-05     1.86669e-05     2.58135e-05      0.00133669      0.00338952     0.000354656     0.000754909      0.00554464     0.000161398      0.00121458     9.72915e-05      0.00574606               0               0 
       0.7     4.63488e-05     0.000707071     2.17931e-05       0.0564971      0.00013159     2.17797e-05     2.98208e-05      0.00179393      0.00453473     0.000485268      0.00101966      0.00731795      0.00021775      0.00165162     0.000132408      0.00631371               0               0 
       0.8     6.10395e-05      0.00090328     2.64132e-05        0.076614     0.000170612     2.46044e-05     3.50541e-05      0.00240953      0.00613299     0.000640679       0.0013453       0.0100274     0.000286591      0.00215706     0.000170627      0.00157813               0               0 
       0.9     7.50815e-05      0.00110562     4.05386e-05        0.101232     0.000214759     2.88378e-05     3.72316e-05      0.00331174      0.00849713     0.000815814      0.00178968       0.0135579     0.000355721      0.00272644     0.000211546     0.000303753               0               0 

 ***  gamma_UL(h) - Upper Limits on Directional Variograms: 
         h        factor#1        factor#2        factor#3        -------> 
       0.1     3.52252e-05     0.000269078     7.53097e-05      0.00619866     0.000125135     3.33491e-05     6.54212e-05     0.000473639      0.00152826     0.000121696     0.000686162      0.00161001     0.000126745     0.000333457     5.61216e-05       0.0178744               0               0 
       0.2      0.00012491     0.000965548     0.000278445       0.0216307     0.000482319     5.75411e-05     0.000224489      0.00171763      0.00620147      0.00048347      0.00286784      0.00613192     0.000509777      0.00135387     0.000225613       0.0198093               0               0 
       0.3     0.000261326      0.00204489     0.000612659       0.0407959      0.00112124     0.000121347     0.000446272      0.00341371       0.0140163      0.00109709      0.00665996       0.0128832      0.00114578      0.00309894     0.000528631       0.0133114               0               0 
       0.4     0.000458388      0.00343798      0.00102024        0.060043      0.00199343     0.000180432     0.000703359      0.00545399       0.0244222      0.00198597       0.0120169       0.0213935      0.00204022      0.00556654     0.000938806       0.0171182               0               0 
       0.5     0.000695704      0.00507811      0.00152316       0.0787531       0.0031134     0.000253319      0.00111524      0.00788046       0.0367508      0.00311633       0.0186987       0.0305027         0.00317      0.00868274      0.00147489       0.0153274               0               0 
       0.6     0.000980526      0.00721278      0.00218976        0.101381      0.00440602     0.000356577      0.00148561       0.0108933       0.0503384      0.00443201        0.026576       0.0400548      0.00455495       0.0123899      0.00210317       0.0246669               0               0 
       0.7      0.00128605      0.00959303      0.00302805        0.132446      0.00590275     0.000396049      0.00207823       0.0146921       0.0651699      0.00585597        0.034967       0.0501422      0.00612852       0.0164824      0.00285102       0.0300571               0               0 
       0.8      0.00170817       0.0120047      0.00380239        0.170156      0.00733322     0.000410642      0.00280807       0.0196868       0.0774933      0.00752569        0.042915       0.0617501      0.00800213       0.0207503      0.00352733      0.00609925               0               0 
       0.9      0.00230825       0.0153402      0.00472972        0.205093      0.00932962      0.00036126      0.00371031       0.0259899       0.0876712      0.00941054       0.0501856       0.0731312      0.00982194       0.0253527      0.00431319      0.00459573               0               0 

 ***  IVARS_LL(H) - Lower Limits on Integrated Variograms: 
         H        factor#1        factor#2        factor#3        -------> 
       0.1     5.02408e-08     7.25842e-07     6.47511e-08     0.000155511     1.38691e-07     8.42451e-08      7.2218e-08     3.46576e-06     8.16542e-06     5.30746e-07     1.52216e-06     1.38477e-05     2.48789e-07      1.8995e-06     1.34157e-07     0.000149764               0               0 
       0.3      9.3337e-07     1.39002e-05      7.2547e-07      0.00228877     2.58804e-06     1.04559e-06     1.22952e-06     5.45133e-05     0.000130672     9.78125e-06     2.49847e-05     0.000243346     4.58532e-06     3.48077e-05     2.57631e-06     0.000856457               0               0 
       0.5     4.07437e-06     6.22505e-05     2.46161e-06      0.00751387     1.13004e-05     3.54895e-06     4.70726e-06      0.00020195     0.000497572     4.25877e-05     0.000100555     0.000942432     1.97371e-05      0.00014953     1.15294e-05      0.00158681               0               0 

 ***  IVARS_UL(H) - Upper Limits on Integrated Variograms: 
         H        factor#1        factor#2        factor#3        -------> 
       0.1     1.76126e-06     1.34539e-05     3.76548e-06     0.000309933     6.25677e-06     1.66745e-06     3.27106e-06      2.3682e-05     7.64132e-05     6.08478e-06     3.43081e-05     8.05006e-05     6.33723e-06     1.66729e-05     2.80608e-06     0.000893718               0               0 
       0.3     2.92916e-05      0.00022446     6.60653e-05      0.00479768     0.000116807      1.5191e-05     5.13214e-05     0.000390387      0.00147331     0.000115394     0.000687268      0.00141295     0.000120221     0.000323696     5.46049e-05      0.00440519               0               0 
       0.5     0.000122599     0.000930635     0.000274142       0.0167497     0.000527867     5.17163e-05     0.000199834      0.00148756      0.00645389     0.000524662      0.00315615      0.00572941     0.000540454       0.0014692     0.000248662      0.00746692               0               0 

 ***  VARS-TO_LL - Lower Limits on Sobol Total-Order Effects calculated through VARS: 
                  factor#1        factor#2        factor#3        -------> 
               0.000321885      0.00490102     0.000157531        0.453772     0.000894656     0.000207809     0.000278778       0.0126799       0.0333115      0.00333465      0.00721981       0.0566915      0.00152837       0.0114912     0.000915421       0.0902299      1.2014e-31      1.2014e-31 

 ***  VARS-TO_UL - Lower Limits on Sobol Total-Order Effects calculated through VARS: 
                  factor#1        factor#2        factor#3        -------> 
                0.00919022       0.0679823       0.0209133         1.07495       0.0411756      0.00355766       0.0146713        0.105256        0.488744       0.0412677        0.251216         0.39566       0.0428876        0.116005       0.0197939        0.414617      3.0035e-31      3.0035e-31 

 ***  Reliability Estimates of Factor Rankings based on IVARS: 
         H        factor#1        factor#2        factor#3        -------> 
       0.1           0.288           0.925           0.707           0.858            0.39           0.432           0.248           0.753           0.641            0.25           0.783           0.649           0.475           0.871           0.495           0.858               1               1 
       0.3           0.352           0.937           0.684           0.808           0.548            0.62           0.248           0.667           0.535           0.278           0.851           0.543           0.541           0.709           0.514           0.746               1               1 
       0.5           0.372           0.931           0.463           0.991           0.445           0.606           0.315           0.452             0.4           0.272           0.801           0.335           0.527           0.462            0.47           0.578               1               1 

 ***  Reliability Estimates of Factor Rankings based on VARS-TO: 
                  factor#1        factor#2        factor#3        -------> 
                     0.363           0.913           0.416           0.974           0.456           0.544           0.309           0.564           0.377           0.208           0.639           0.259           0.498            0.64           0.434           0.251               1               1 

 ***  Factor Grouping based on VARS-TO & IVARS50: 
                  factor#1        factor#2        factor#3        -------> 
 VARS-TO              1               4               1               2               4               1               1               4               2               4               4               2               4               4               1               2               3               3 
 IVARS50              2               3               2               1               2               2               2               3               3               2               3               3               2               3               2               1               2               2 

 ***  Reliability Estimates of Rankings based on Factor Grouping: 
                  factor#1        factor#2        factor#3        -------> 
 VARS-TO              1               1               1               1           0.919           0.982           0.881           0.975           0.979           0.905           0.742           0.865           0.979           0.996            0.94           0.869               1               1 
 IVARS50              1           0.971               1               1               1           0.999           0.997               1               1           0.971               1               1               1           0.996               1               1               1               1 
