 -------- Variogram Analysis of Response Surfaces (VARS) Output File -------- 
 VARS settings: 
 Target Number of Stars = 100 
 Current Number of Stars = 30 
 minimum h = 0.1 
 Bootstrap Size = 1000 
 Bootstrap Confidence Level = 0.9 

 ***  gamma(h) - Directional Variograms: 
         h        factor#1        factor#2        factor#3        -------> 
       0.1     2.45933e-05     0.000297859     8.86104e-05      0.00569162     0.000109105     1.83698e-05     2.63292e-05      0.00059741      0.00136191     7.22291e-05     0.000442192      0.00140378     7.97712e-05     0.000248416     2.64335e-05      0.00748407               0               0 
       0.2     8.73508e-05      0.00113816     0.000307292       0.0209051     0.000428136     3.65913e-05      8.8468e-05      0.00239841      0.00560714     0.000279924      0.00181366      0.00548783     0.000315086      0.00100735     9.93217e-05      0.00912244               0               0 
       0.3      0.00017847      0.00251348     0.000636677       0.0412252     0.000962305      5.9781e-05     0.000177984       0.0053547       0.0127614     0.000628495      0.00416048       0.0116713     0.000705183      0.00228689     0.000225121      0.00771795               0               0 
       0.4     0.000300164      0.00439224      0.00105993       0.0624243      0.00168817     8.37044e-05     0.000286015      0.00932755       0.0223667      0.00111092      0.00743933       0.0190391      0.00124467      0.00406488      0.00040006      0.00962556               0               0 
       0.5     0.000454388      0.00666032      0.00155435       0.0835082       0.0026031     0.000113463     0.000433572       0.0141234       0.0336333      0.00173834       0.0115151        0.026655      0.00192868      0.00624082     0.000621865      0.00956007               0               0 
       0.6      0.00064123      0.00923926      0.00217795        0.107935      0.00367369     0.000146048     0.000574753       0.0196815       0.0455768      0.00246343       0.0162244       0.0347412      0.00274736       0.0088111     0.000882948       0.0137352               0               0 
       0.7     0.000865625       0.0117409      0.00294602        0.138489      0.00492248      0.00016212     0.000756771       0.0255175       0.0571711      0.00329572       0.0212218       0.0438748      0.00368096       0.0116359      0.00118565       0.0147302               0               0 
       0.8       0.0011598       0.0145821      0.00375083        0.169887      0.00625508     0.000176521     0.000960381       0.0314652       0.0668314      0.00422348       0.0261288       0.0537052      0.00473601        0.014595      0.00147555      0.00446559               0               0 
       0.9      0.00151718       0.0171979      0.00482467        0.196446      0.00776951     0.000173377      0.00118844       0.0364449       0.0744198      0.00521961       0.0304684       0.0635978      0.00580837       0.0175294      0.00184111       0.0048752               0               0 

 ***  COV(h) - Directional Covariograms: 
         h        factor#1        factor#2        factor#3        -------> 
       0.1       0.0812612       0.0847124       0.0806296       0.0553826       0.0763144       0.0820563       0.0851659       0.0597329       0.0501137       0.0850224       0.0699275       0.0753808       0.0716514       0.0713659       0.0882587       0.0686104       0.0827497       0.0827497 
       0.2       0.0813871       0.0842011       0.0807194       0.0346589       0.0761793       0.0821753       0.0853515       0.0572963       0.0444254       0.0848159       0.0681348       0.0717035       0.0714956       0.0706169       0.0882795       0.0655242       0.0827497       0.0827497 
       0.3        0.081276       0.0829582       0.0803926       0.0137657       0.0756926       0.0821535       0.0852525       0.0541783       0.0367974        0.084455       0.0656173       0.0660768       0.0711238       0.0693672       0.0881399       0.0657016       0.0827497       0.0827497 
       0.4       0.0810024       0.0805913       0.0797036     -0.00232756       0.0748265       0.0819169       0.0849247       0.0506016       0.0282985       0.0838656       0.0625647       0.0587968       0.0705297       0.0676319       0.0879072       0.0645609       0.0827497       0.0827497 
       0.5        0.080615        0.077654       0.0785698      -0.0144107       0.0735506       0.0816719       0.0844296       0.0468915       0.0196917       0.0831895       0.0591879       0.0501276       0.0697487       0.0653527       0.0875287       0.0667676       0.0827497       0.0827497 
       0.6       0.0800783       0.0740713       0.0769872      -0.0253364       0.0719386       0.0813164       0.0837671       0.0429623       0.0117377       0.0823914       0.0555271       0.0404615       0.0687846       0.0626277       0.0870327       0.0658042       0.0827497       0.0827497 
       0.7       0.0793052       0.0698729       0.0750663      -0.0364764       0.0700617       0.0806247       0.0827827       0.0389554      0.00494156        0.081269       0.0516401       0.0306552       0.0676427       0.0598164       0.0864646        0.068383       0.0827497       0.0827497 
       0.8       0.0782891       0.0656325       0.0727635      -0.0466555       0.0680836       0.0799027       0.0815955       0.0348307    -0.000336857       0.0800327       0.0475924       0.0214426       0.0664084       0.0568757        0.085762       0.0785862       0.0827497       0.0827497 
       0.9       0.0776045       0.0608534       0.0699532      -0.0551387       0.0659563       0.0790082       0.0807135       0.0307315     -0.00445042       0.0782075       0.0432345       0.0131668       0.0653851       0.0538774        0.085099       0.0735514       0.0827497       0.0827497 

 ***  ECOV(h) - Directional Expected Covariograms: 
         h        factor#1        factor#2        factor#3        -------> 
       0.1     0.000226857      0.00329763     0.000767615       0.0410281      0.00131543     4.64849e-05     0.000206986      0.00712899       0.0167652     0.000877877      0.00584712       0.0129542     0.000983786      0.00316778     0.000313995      0.00127319     1.00919e-32     1.00919e-32 
       0.2     0.000141119      0.00214313     0.000481912       0.0218755     0.000867393     2.53481e-05      0.00012481      0.00459816       0.0109848     0.000581734      0.00387826      0.00776537     0.000644641      0.00208855     0.000211803     0.000110666     1.00919e-32     1.00919e-32 
       0.3     5.50897e-05      0.00075533     0.000159575      0.00200963     0.000327226     4.86889e-07     3.80491e-05      0.00156931      0.00337974      0.00023032      0.00143425      0.00168346     0.000252842      0.00078259     8.10409e-05    -0.000702771     1.00919e-32     1.00919e-32 
       0.4    -4.18292e-05    -0.000860463    -0.000176279      -0.0148867    -0.000267295    -1.98658e-05    -4.87413e-05     -0.00179496     -0.00503583    -0.000166346     -0.00134097     -0.00447617    -0.000190019    -0.000702113    -6.30588e-05     -0.00245636     1.00919e-32     1.00919e-32 
       0.5    -0.000149569     -0.00250877    -0.000519948       -0.029857    -0.000922506    -4.26025e-05    -0.000158511     -0.00525778       -0.013419    -0.000617271     -0.00429284      -0.0101081    -0.000676698     -0.00226547    -0.000221886       -0.001303     1.00919e-32     1.00919e-32 
       0.6    -0.000266685     -0.00415805    -0.000917416      -0.0451137     -0.00160353     -6.4654e-05     -0.00024301     -0.00881618      -0.0210374     -0.00107761     -0.00731628      -0.0152185     -0.00119939     -0.00391687    -0.000388502     -0.00384635     1.00919e-32     1.00919e-32 
       0.7    -0.000394537     -0.00552968     -0.00135594      -0.0605335     -0.00232942    -6.65421e-05    -0.000343976      -0.0121214      -0.0274528     -0.00156272       -0.010202      -0.0198796     -0.00174309     -0.00554684    -0.000566764      -0.0035754     1.00919e-32     1.00919e-32 
       0.8    -0.000549582     -0.00694955     -0.00173564      -0.0727539     -0.00303423    -6.99751e-05    -0.000438186      -0.0151231      -0.0321279     -0.00206475      -0.0127852      -0.0239838     -0.00231501     -0.00710182    -0.000720148    -0.000112683     1.00919e-32     1.00919e-32 
       0.9    -0.000732047     -0.00804183     -0.00218669      -0.0804118     -0.00378442    -4.84611e-05    -0.000537665      -0.0173258      -0.0354214     -0.00255984      -0.0148497      -0.0273509     -0.00286058     -0.00852165     -0.00090518     -0.00111985     1.00919e-32     1.00919e-32 

 ***  IVARS(H) - Integrated Variograms: 
         H        factor#1        factor#2        factor#3        -------> 
       0.1     1.22966e-06      1.4893e-05     4.43052e-06     0.000284581     5.45527e-06     9.18492e-07     1.31646e-06     2.98705e-05     6.80955e-05     3.61146e-06     2.21096e-05      7.0189e-05     3.98856e-06     1.24208e-05     1.32167e-06     0.000374203               0               0 
       0.3     2.01179e-05     0.000269276     7.14241e-05      0.00472093     0.000101839     8.48517e-06     2.03789e-05     0.000567317      0.00133497       6.664e-05     0.000433609      0.00127272     7.47449e-05     0.000239921     2.38316e-05      0.00204655               0               0 
       0.5     8.17772e-05      0.00116719     0.000286968          0.0172     0.000448927     2.55178e-05     7.95582e-05      0.00247398      0.00589138     0.000296074      0.00196132      0.00509294     0.000330905       0.0010728     0.000106187      0.00387301               0               0 

 ***  Factor Rankings based on IVARS: 
         H        factor#1        factor#2        factor#3        -------> 
       0.1              15               7              10               2               9              16              14               5               4              12               6               3              11               8              13               1              17              18 
       0.3              15               7              11               1               9              16              14               5               3              12               6               4              10               8              13               2              17              18 
       0.5              14               7              12               1               9              16              15               5               2              11               6               3              10               8              13               4              17              18 

 ***  VARS-TO - Sobol Total-Order Effects calculated through VARS: 
                  factor#1        factor#2        factor#3        -------> 
                 0.0033134       0.0473784       0.0112826        0.615633       0.0187714     0.000854601      0.00307444        0.101812        0.238865       0.0125197       0.0828754        0.189197       0.0140147       0.0450158      0.00448588        0.115396     1.32982e-31     1.32982e-31 

 ***  Factor Rankings based on VARS-TO: 
                  factor#1        factor#2        factor#3        -------> 
                        14               7              12               1               9              16              15               5               2              11               6               3              10               8              13               4              17              18 

 ***  VARS-ABE - Morris mean ABsolute Elementary effects across scales: 
   delta x        factor#1        factor#2        factor#3        -------> 
       0.1      0.00316425       0.0104634      0.00568159       0.0580878      0.00703142      0.00287166      0.00321386       0.0158292       0.0248266      0.00563785       0.0136924       0.0236155      0.00601793       0.0109288      0.00343627       0.0525625               0               0 
       0.2      0.00598048       0.0202554       0.0105791        0.117337       0.0141131       0.0044147      0.00580614       0.0318992       0.0517715       0.0110441       0.0276707       0.0473791       0.0119259       0.0222097      0.00669569       0.0626187               0               0 
       0.3      0.00868469       0.0303329       0.0154043        0.174054       0.0213238      0.00572297      0.00823942       0.0478545       0.0803988       0.0165894       0.0419557       0.0711973       0.0179088       0.0337814       0.0101062       0.0560354               0               0 
       0.4        0.011369       0.0405753       0.0199293        0.226343       0.0284433       0.0067577       0.0106195       0.0638107          0.1093       0.0220361        0.056271       0.0945551        0.023975       0.0453935       0.0135895       0.0626977               0               0 
       0.5       0.0141186        0.050641        0.024493        0.279488        0.035601       0.0079215       0.0129689       0.0797136        0.137494       0.0276563       0.0704504        0.117908       0.0299178       0.0567275       0.0169833       0.0635332               0               0 
       0.6       0.0170985       0.0607736       0.0296065        0.339512       0.0426561      0.00894303       0.0148335       0.0956661        0.163946       0.0330579       0.0843957        0.141664       0.0359507       0.0680729        0.020348       0.0825864               0               0 
       0.7       0.0200608       0.0700376       0.0351418        0.406121       0.0497383      0.00985241       0.0167151        0.111045        0.187587       0.0385293       0.0978766        0.165581       0.0417458       0.0787916       0.0235113       0.0853833               0               0 
       0.8       0.0232379        0.079584       0.0401483        0.469342       0.0563982       0.0104201       0.0186107        0.126053         0.20704       0.0437906        0.110634        0.188678       0.0476207       0.0887803       0.0264373       0.0456833               0               0 
       0.9       0.0262551       0.0879463       0.0460654        0.522221       0.0630456        0.010811       0.0198502        0.139691        0.223216       0.0489178        0.122611        0.210322       0.0528479       0.0979022       0.0296639       0.0445074               0               0 

 ***  VARS-ACE - Morris mean ACtual Elementary effects across scales: 
   delta x        factor#1        factor#2        factor#3        -------> 
       0.1     -0.00291535      0.00969906     -0.00502728      -0.0580246     -0.00699609    -0.000663938    -0.000470433       0.0155103       0.0248018      0.00543344       0.0136234       0.0233691      0.00586246       0.0108693     -0.00329433     -0.00438359               0               0 
       0.2     -0.00580547       0.0197452     -0.00985006       -0.117336      -0.0140783     -0.00152182    -0.000805263       0.0314936       0.0517601       0.0109432       0.0276585       0.0471694       0.0118922       0.0221761     -0.00660068     -0.00971039               0               0 
       0.3     -0.00852856       0.0297852      -0.0147433       -0.174052      -0.0212823      -0.0024527    -0.000927765       0.0474685       0.0803946        0.016507       0.0419466       0.0709634       0.0178693       0.0337333      -0.0100629      -0.0293266               0               0 
       0.4      -0.0112409       0.0402012      -0.0193329       -0.226341      -0.0283957      -0.0033583     -0.00102304       0.0634457        0.109297       0.0220263       0.0562625       0.0944415       0.0239395       0.0453308      -0.0135451      -0.0443233               0               0 
       0.5      -0.0140166        0.050251       -0.023979       -0.279486      -0.0355474     -0.00407024     -0.00136208       0.0792772        0.137491       0.0276453       0.0704434        0.117827       0.0298819       0.0566596      -0.0169538      -0.0582159               0               0 
       0.6      -0.0168613       0.0603018      -0.0289993       -0.339511      -0.0425935     -0.00503745     -0.00153456       0.0951686        0.163946       0.0330394       0.0843937        0.141662       0.0359093       0.0679962      -0.0203176       -0.066485               0               0 
       0.7         -0.0199       0.0694988      -0.0344011       -0.406121      -0.0496588     -0.00572297     -0.00216479         0.11076        0.187587       0.0385162       0.0978755        0.165581       0.0416949       0.0787109      -0.0234801      -0.0684288               0               0 
       0.8      -0.0232219        0.078981      -0.0394002       -0.469342      -0.0563133     -0.00608726     -0.00322105        0.125974         0.20704       0.0437729        0.110634        0.188678       0.0475686       0.0887045      -0.0264027      -0.0388416               0               0 
       0.9      -0.0262381       0.0872915      -0.0452455       -0.522221      -0.0629648     -0.00597544      -0.0042339        0.139592        0.223216        0.048901        0.122611        0.210322       0.0527621       0.0978239       -0.029649      -0.0394523               0               0 

 ********         Bootstrapping Results        ******** 
 ***  gamma_LL(h) - Lower Limits on Directional Variograms: 
         h        factor#1        factor#2        factor#3        -------> 
       0.1     9.10867e-06     9.00974e-05     3.07659e-05      0.00425989      4.2892e-05     7.11633e-06     6.86092e-06      0.00022949     0.000641917     2.54332e-05     0.000154157     0.000704316     3.02903e-05     0.000106428     8.95901e-06      0.00313722               0               0 
       0.2     3.05786e-05     0.000310077     9.67239e-05       0.0153326     0.000168657     1.64186e-05     1.92294e-05     0.000848814      0.00256493     9.20835e-05     0.000604734      0.00271121     0.000119762     0.000424244     3.26606e-05      0.00401145               0               0 
       0.3     6.10324e-05     0.000635082     0.000201362       0.0297345     0.000366839     2.33866e-05     3.64228e-05      0.00183924      0.00579057     0.000202157      0.00136003      0.00553214     0.000262768     0.000954437     7.00881e-05      0.00383029               0               0 
       0.4     9.98904e-05      0.00104482     0.000319735       0.0443962     0.000643801     3.03981e-05     5.58255e-05        0.003143      0.00993029     0.000344407      0.00235335      0.00865094     0.000454742      0.00166859     0.000124363      0.00471696               0               0 
       0.5     0.000144514      0.00149487     0.000470243       0.0591155     0.000989631     4.26003e-05     7.24973e-05      0.00475665       0.0146863     0.000531716      0.00359218       0.0119931     0.000695217        0.002517     0.000191358      0.00460699               0               0 
       0.6     0.000207727      0.00208957     0.000658435       0.0762165      0.00140104     4.67292e-05     9.03663e-05      0.00665491       0.0199756     0.000760136      0.00505689       0.0157674     0.000982349      0.00355695     0.000270571      0.00686971               0               0 
       0.7     0.000288197      0.00269781       0.0008935       0.0985351      0.00187687     5.05884e-05     0.000103999      0.00874727       0.0254853      0.00102097      0.00670564       0.0200543       0.0013257      0.00476421     0.000359646      0.00683231               0               0 
       0.8     0.000387332      0.00350633      0.00114601        0.123796      0.00238127      5.4974e-05     0.000119198       0.0110175       0.0310105      0.00132096      0.00834237       0.0259896      0.00171382      0.00593387     0.000451224      0.00191512               0               0 
       0.9     0.000495564      0.00458199      0.00150521        0.144595      0.00298414     6.15446e-05     0.000121064       0.0131519       0.0357838      0.00167686      0.00995012       0.0318065      0.00212841      0.00709622     0.000576534      0.00111888               0               0 

 ***  gamma_UL(h) - Upper Limits on Directional Variograms: 
         h        factor#1        factor#2        factor#3        -------> 
       0.1     4.25276e-05     0.000516286     0.000152968      0.00691396     0.000181919     3.10911e-05     5.11888e-05     0.000984032      0.00207785     0.000125442     0.000781095      0.00211924     0.000135617     0.000396881     4.81085e-05        0.012903               0               0 
       0.2     0.000155038      0.00205965      0.00053771       0.0256575     0.000717721     5.87073e-05     0.000175022      0.00399059      0.00869582      0.00049992      0.00326356      0.00835042     0.000543668      0.00162568     0.000187689       0.0149546               0               0 
       0.3     0.000316997      0.00467035      0.00110409       0.0508398       0.0016194      0.00010428     0.000354139      0.00898125       0.0198836       0.0011335      0.00763539       0.0179522       0.0012326      0.00369165     0.000432232       0.0115904               0               0 
       0.4     0.000541636      0.00830776      0.00186253       0.0779824      0.00286291     0.000149892      0.00056796       0.0159649       0.0350549      0.00202693       0.0137712       0.0294753      0.00217849      0.00658411     0.000769908       0.0143932               0               0 
       0.5     0.000821146       0.0128069      0.00274516        0.104781       0.0044391     0.000203878     0.000887247       0.0240584       0.0530436      0.00318623       0.0214124       0.0410765       0.0033774       0.0101519      0.00119954       0.0145739               0               0 
       0.6      0.00114991       0.0179533      0.00384142        0.135319      0.00625728      0.00027432      0.00117897       0.0337519       0.0718834      0.00451154       0.0302589       0.0540407       0.0048011        0.014343      0.00170101       0.0207453               0               0 
       0.7      0.00155257       0.0226434       0.0051649        0.172767      0.00831393     0.000301601      0.00157932       0.0433627       0.0899673      0.00600258       0.0395357       0.0673924      0.00639703       0.0190446      0.00229309       0.0228865               0               0 
       0.8      0.00208461       0.0273725      0.00659176        0.209418       0.0105561     0.000320711       0.0020662       0.0531862        0.104103      0.00768274       0.0484868       0.0823793      0.00822973       0.0238744        0.002846        0.007516               0               0 
       0.9       0.0027518       0.0315585      0.00844454        0.239413       0.0130406     0.000295045      0.00263366       0.0604831        0.113706      0.00943966       0.0556525        0.096319       0.0100556       0.0286669      0.00351143       0.0100766               0               0 

 ***  IVARS_LL(H) - Lower Limits on Integrated Variograms: 
         H        factor#1        factor#2        factor#3        -------> 
       0.1     4.55433e-07     4.50487e-06      1.5383e-06     0.000212995      2.1446e-06     3.55817e-07     3.43046e-07     1.14745e-05     3.20958e-05     1.27166e-06     7.70786e-06     3.52158e-05     1.51451e-06     5.32139e-06     4.47951e-07     0.000156861               0               0 
       0.3     7.02002e-06     7.16142e-05     2.26795e-05      0.00344999     3.97172e-05     3.55979e-06     4.39243e-06     0.000198819     0.000610114     2.18336e-05     0.000143099     0.000621467     2.81522e-05     0.000100811     7.67094e-06      0.00093356               0               0 
       0.5     2.77101e-05     0.000284245     8.83186e-05       0.0123295     0.000172372      1.0191e-05     1.53734e-05     0.000846514      0.00263822     9.26961e-05     0.000625558        0.002382     0.000121555     0.000441428     3.31757e-05      0.00187258               0               0 

 ***  IVARS_UL(H) - Upper Limits on Integrated Variograms: 
         H        factor#1        factor#2        factor#3        -------> 
       0.1     2.12638e-06     2.58143e-05     7.64839e-06     0.000345698     9.09596e-06     1.55455e-06     2.55944e-06     4.92016e-05     0.000103892     6.27212e-06     3.90547e-05     0.000105962     6.78084e-06      1.9844e-05     2.40543e-06     0.000645152               0               0 
       0.3     3.57972e-05     0.000492138     0.000123845      0.00581459     0.000170662     1.41235e-05     4.01391e-05     0.000946057      0.00207294     0.000119513     0.000786459      0.00194172     0.000129558     0.000386983      4.5138e-05      0.00334009               0               0 
       0.5     0.000146164      0.00218749     0.000501019       0.0212638     0.000759835     4.46082e-05      0.00015867      0.00420649      0.00918514     0.000535616      0.00361703      0.00781399     0.000577788      0.00173606     0.000203874      0.00591943               0               0 

 ***  VARS-TO_LL - Lower Limits on Sobol Total-Order Effects calculated through VARS: 
                  factor#1        factor#2        factor#3        -------> 
                0.00111904       0.0107392       0.0034102        0.436488      0.00719456     0.000317045     0.000525623       0.0343599        0.104562      0.00384503       0.0260106       0.0853449      0.00504266        0.018238      0.00137049       0.0565521     8.29025e-32     8.29025e-32 

 ***  VARS-TO_UL - Lower Limits on Sobol Total-Order Effects calculated through VARS: 
                  factor#1        factor#2        factor#3        -------> 
                 0.0059306       0.0913366       0.0199955        0.770149       0.0319102      0.00154702      0.00626967         0.17431        0.375965       0.0227712        0.154159        0.291277       0.0244709       0.0730309      0.00864788        0.176805     1.92537e-31     1.92537e-31 

 ***  Reliability Estimates of Factor Rankings based on IVARS: 
         H        factor#1        factor#2        factor#3        -------> 
       0.1           0.267           0.579           0.331           0.673           0.734           0.527           0.144           0.783           0.577           0.449           0.628           0.577           0.255           0.659           0.364           0.673               1               1 
       0.3           0.388           0.494           0.346           0.997           0.816           0.914            0.19           0.715           0.497           0.353           0.553           0.495           0.514           0.561            0.47           0.774               1               1 
       0.5           0.428           0.452            0.42               1           0.828           0.951           0.465           0.545           0.669           0.463           0.498           0.596           0.549           0.513           0.561           0.573               1               1 

 ***  Reliability Estimates of Factor Rankings based on VARS-TO: 
                  factor#1        factor#2        factor#3        -------> 
                     0.438           0.394           0.498               1           0.813           0.955           0.496           0.382           0.805           0.468           0.396           0.717           0.565           0.466           0.595           0.409               1               1 

 ***  Factor Grouping based on VARS-TO & IVARS50: 
                  factor#1        factor#2        factor#3        -------> 
 VARS-TO              1               3               1               3               1               1               1               3               3               1               3               3               1               3               1               3               2               2 
 IVARS50              5               4               2               3               2               5               5               4               1               2               4               1               2               4               5               3               5               5 

 ***  Reliability Estimates of Rankings based on Factor Grouping: 
                  factor#1        factor#2        factor#3        -------> 
 VARS-TO              1            0.95               1               1           0.942               1               1               1               1               1           0.989               1           0.997               1               1               1               1               1 
 IVARS50          0.994           0.993           0.994               1            0.99               1           0.953               1               1           0.954           0.997               1           0.999               1               1               1               1               1 
