 -------- Variogram Analysis of Response Surfaces (VARS) Output File -------- 
 VARS settings: 
 Target Number of Stars = 100 
 Current Number of Stars = 10 
 minimum h = 0.1 
 Bootstrap Size = 1000 
 Bootstrap Confidence Level = 0.9 

 ***  gamma(h) - Directional Variograms: 
         h        factor#1        factor#2        factor#3        -------> 
       0.1     3.24788e-05     0.000246708      7.0767e-05      0.00572412     0.000110418     2.63096e-05     4.72635e-05     0.000473326      0.00143664      0.00011206     0.000696748      0.00138156     0.000118005      0.00033459     5.13712e-05       0.0121417               0               0 
       0.2     0.000111689     0.000883113     0.000254837       0.0195002     0.000425914      4.8284e-05      0.00016125      0.00166749      0.00583265      0.00044506      0.00291205      0.00543587     0.000480542      0.00135753      0.00020661       0.0145796               0               0 
       0.3     0.000231899      0.00182566      0.00056012       0.0359146     0.000989904     9.98179e-05     0.000319896      0.00329191       0.0130305      0.00101264      0.00672247       0.0117239      0.00107559       0.0031069     0.000483778       0.0113162               0               0 
       0.4     0.000395209      0.00305055     0.000927415       0.0519388      0.00175758     0.000152377     0.000501117      0.00516134       0.0223807      0.00183866       0.0120679       0.0194155      0.00190475      0.00558023     0.000860731       0.0148537               0               0 
       0.5      0.00059966       0.0044596      0.00138393       0.0682515      0.00274812     0.000214772     0.000782397      0.00745599       0.0333839      0.00289045       0.0187204       0.0275704      0.00295343      0.00869816      0.00134976       0.0138645               0               0 
       0.6      0.00083313      0.00621844      0.00195428       0.0878086      0.00388548     0.000296444      0.00102908       0.0102398       0.0456377      0.00410505       0.0265489       0.0358827      0.00425071       0.0123805      0.00192785       0.0220903               0               0 
       0.7      0.00110535      0.00819625      0.00266291        0.114926      0.00521438     0.000333772      0.00142887       0.0138494       0.0589153      0.00540852       0.0350166       0.0447471      0.00575658       0.0164747      0.00261009        0.024282               0               0 
       0.8      0.00148387       0.0103867      0.00331755        0.151457      0.00649439     0.000347879      0.00191267       0.0186198       0.0714052      0.00693647       0.0434176       0.0542842      0.00748613       0.0208034      0.00323351      0.00498555               0               0 
       0.9      0.00203459       0.0134931      0.00410778         0.19359      0.00825764     0.000310296      0.00252469       0.0247411       0.0807963      0.00865372       0.0502783       0.0634892       0.0091434       0.0254228      0.00396434      0.00439007               0               0 

 ***  COV(h) - Directional Covariograms: 
         h        factor#1        factor#2        factor#3        -------> 
       0.1        0.063595       0.0966547       0.0748697       0.0404933       0.0792329       0.0637624       0.0748493       0.0661929       0.0393047       0.0796697       0.0458859        0.119498       0.0436143        0.069353       0.0716378       0.0392135       0.0674206       0.0674206 
       0.2       0.0637926       0.0967367       0.0749306       0.0230752       0.0790076       0.0638357       0.0750945        0.065128       0.0325567       0.0792246       0.0423822        0.117177       0.0430883       0.0679867       0.0714691       0.0364259       0.0674206       0.0674206 
       0.3       0.0636973       0.0957774       0.0746494      0.00795966       0.0784718       0.0639528       0.0749152       0.0636604       0.0248034       0.0786594       0.0382772        0.111784       0.0424903       0.0662211       0.0712026       0.0361374       0.0674206       0.0674206 
       0.4       0.0633989        0.093952       0.0740023     -0.00364857       0.0776406       0.0636034         0.07446       0.0616889       0.0172945       0.0779034       0.0339002         0.10302       0.0418838       0.0641037       0.0708579       0.0337911       0.0674206       0.0674206 
       0.5       0.0628741       0.0912905       0.0730295      -0.0133726       0.0764591       0.0632893       0.0737242       0.0592443       0.0103657       0.0769982       0.0295357       0.0911592       0.0411204       0.0615776       0.0703893       0.0367709       0.0674206       0.0674206 
       0.6       0.0621602       0.0876529       0.0716846      -0.0230468       0.0750352       0.0628301       0.0727958       0.0562356      0.00422366       0.0760035       0.0251393       0.0772885        0.040251        0.058783       0.0698418        0.031531       0.0674206       0.0674206 
       0.7       0.0613059       0.0832302       0.0698929      -0.0343701        0.073399       0.0618903        0.071378       0.0522629     -0.00136221       0.0749854       0.0208379       0.0628322       0.0395024       0.0560124       0.0692518       0.0337776       0.0674206       0.0674206 
       0.8       0.0602678       0.0778844       0.0680076      -0.0473644       0.0718074       0.0616366       0.0695975       0.0476997     -0.00621447        0.073828        0.016686       0.0489142       0.0386076       0.0531983        0.068759       0.0441697       0.0674206       0.0674206 
       0.9       0.0600557        0.071895        0.065562      -0.0607584       0.0697248       0.0606324       0.0684723       0.0422661     -0.00997132       0.0721969       0.0130391        0.035893       0.0380047       0.0501458       0.0682235       0.0397667       0.0674206       0.0674206 

 ***  ECOV(h) - Directional Expected Covariograms: 
         h        factor#1        factor#2        factor#3        -------> 
       0.1     0.000292658      0.00217773     0.000696902       0.0320227      0.00138136     9.62317e-05      0.00037257      0.00361526       0.0167878      0.00145539      0.00960297       0.0133319      0.00152735      0.00442853     0.000692293      0.00166794     6.16298e-33     6.16298e-33 
       0.2     0.000187097      0.00136408     0.000447851       0.0154559     0.000943921     6.64668e-05     0.000220739      0.00210104       0.0106738     0.000981181      0.00635315      0.00817144     0.000994867      0.00296195     0.000468887     0.000260221     6.16298e-33     6.16298e-33 
       0.3     7.40471e-05     0.000445367      0.00013774     0.000824982     0.000358187     7.04642e-06     7.34654e-05     0.000619859      0.00324918     0.000409137      0.00238791      0.00194069     0.000399008      0.00116841     0.000176558    -0.000774694     6.16298e-33     6.16298e-33 
       0.4    -5.80089e-05    -0.000547105    -0.000151666      -0.0111663    -0.000272994    -3.98598e-05    -6.02235e-05    -0.000813634     -0.00463394     -0.00028573     -0.00210621      -0.0046222    -0.000275725    -0.000891954    -0.000131837      -0.0039136     6.16298e-33     6.16298e-33 
       0.5    -0.000203069      -0.0015317    -0.000471349      -0.0221649    -0.000987159    -8.47109e-05    -0.000269871     -0.00238841      -0.0126857     -0.00104416     -0.00690055      -0.0107271     -0.00101304     -0.00312681    -0.000482006     -0.00108176     6.16298e-33     6.16298e-33 
       0.6    -0.000347451     -0.00265385    -0.000836435      -0.0337509     -0.00170995    -0.000140067    -0.000409109     -0.00409243      -0.0205122     -0.00181875      -0.0119418      -0.0159645     -0.00184327     -0.00548449    -0.000851799     -0.00654352     6.16298e-33     6.16298e-33 
       0.7     -0.00049725     -0.00373563     -0.00124929      -0.0470301     -0.00249007    -0.000149585    -0.000638292     -0.00608488      -0.0279071     -0.00257172      -0.0168747      -0.0204869     -0.00272936     -0.00787923     -0.00125835     -0.00626964     6.16298e-33     6.16298e-33 
       0.8    -0.000696059     -0.00473592     -0.00156537      -0.0608488     -0.00316894    -0.000156577    -0.000877994     -0.00835598      -0.0339398     -0.00341002      -0.0213791      -0.0244971     -0.00368582      -0.0102246     -0.00159671    -0.000430843     6.16298e-33     6.16298e-33 
       0.9    -0.000994914     -0.00603403     -0.00189094      -0.0724459     -0.00407406    -0.000112557     -0.00117793      -0.0108625      -0.0378344     -0.00429791      -0.0247772      -0.0274777      -0.0045477      -0.0125774     -0.00197973    -0.000849115     6.16298e-33     6.16298e-33 

 ***  IVARS(H) - Integrated Variograms: 
         H        factor#1        factor#2        factor#3        -------> 
       0.1     1.62394e-06     1.23354e-05     3.53835e-06     0.000286206     5.52088e-06     1.31548e-06     2.36317e-06     2.36663e-05     7.18319e-05       5.603e-06     3.48374e-05     6.90782e-05     5.90025e-06     1.67295e-05     2.56856e-06     0.000607085               0               0 
       0.3     2.60117e-05     0.000204265     6.05664e-05      0.00431816     0.000103128     1.24503e-05     3.68462e-05     0.000378677      0.00137845     0.000106344     0.000697003      0.00126794     0.000113634     0.000324557      4.9987e-05      0.00323794               0               0 
       0.5      0.00010711     0.000823582     0.000250511       0.0147203     0.000465787     4.34175e-05     0.000142073      0.00143221      0.00593724     0.000485365      0.00317594      0.00517421      0.00050556      0.00147283     0.000227737      0.00598234               0               0 

 ***  Factor Rankings based on IVARS: 
         H        factor#1        factor#2        factor#3        -------> 
       0.1              15               8              12               2              11              16              14               6               3              10               5               4               9               7              13               1              17              18 
       0.3              15               8              12               1              11              16              14               6               3              10               5               4               9               7              13               2              17              18 
       0.5              15               8              12               1              11              16              14               7               3              10               5               4               9               6              13               2              17              18 

 ***  VARS-TO - Sobol Total-Order Effects calculated through VARS: 
                  factor#1        factor#2        factor#3        -------> 
                0.00472896       0.0352623       0.0111654         0.54901       0.0216972      0.00178231      0.00610628       0.0594665        0.265067       0.0227978        0.149805           0.214       0.0239309       0.0692773       0.0108163        0.200855     8.96376e-32     8.96376e-32 

 ***  Factor Rankings based on VARS-TO: 
                  factor#1        factor#2        factor#3        -------> 
                        15               8              12               1              11              16              14               7               2              10               5               3               9               6              13               4              17              18 

 ***  VARS-ABE - Morris mean ABsolute Elementary effects across scales: 
   delta x        factor#1        factor#2        factor#3        -------> 
       0.1      0.00384072       0.0103055      0.00551756       0.0618171      0.00742974      0.00326257        0.004015       0.0151995       0.0264644      0.00806282       0.0198531       0.0235289      0.00809241       0.0141014      0.00534655       0.0659858               0               0 
       0.2      0.00722113       0.0199653       0.0103391        0.117385       0.0147852      0.00481249      0.00779053       0.0288403       0.0545955       0.0161697       0.0408652       0.0471284       0.0164159       0.0285725        0.010843       0.0786037               0               0 
       0.3       0.0105924       0.0295179       0.0153966        0.165382       0.0226135      0.00726547       0.0111853       0.0416181       0.0832209       0.0244306       0.0623224       0.0711922       0.0245754        0.043426       0.0166267       0.0661014               0               0 
       0.4       0.0140636       0.0387337       0.0201839        0.209801       0.0302405      0.00904171       0.0141761       0.0537902        0.111398       0.0329733        0.083789       0.0953161       0.0327592       0.0583468       0.0221681       0.0733954               0               0 
       0.5        0.017656       0.0480031       0.0251112        0.257643        0.037915       0.0107999        0.017533       0.0667201        0.139374        0.041401        0.104893        0.119203       0.0408539       0.0730584       0.0277863       0.0753511               0               0 
       0.6       0.0210955       0.0579159        0.030128        0.314702       0.0453347       0.0124392       0.0198564         0.08057        0.167097       0.0494559        0.125675        0.142477       0.0491099       0.0874932       0.0332223        0.109324               0               0 
       0.7       0.0247146       0.0676018       0.0356035        0.385891       0.0527232       0.0140718       0.0227631       0.0967844        0.194182       0.0569902        0.145398        0.165389       0.0572852        0.101286       0.0387458        0.112205               0               0 
       0.8       0.0288749       0.0777433       0.0400355        0.469541       0.0590048       0.0139077        0.025783        0.114818        0.218379       0.0646471        0.163414         0.18743       0.0655594        0.114194       0.0432737       0.0552938               0               0 
       0.9        0.033847       0.0893535       0.0451125        0.556354       0.0665542       0.0139746       0.0292358        0.134669        0.238162       0.0724676        0.178602        0.207855        0.072626        0.126692       0.0478961       0.0524636               0               0 

 ***  VARS-ACE - Morris mean ACtual Elementary effects across scales: 
   delta x        factor#1        factor#2        factor#3        -------> 
       0.1     -0.00376078      0.00974988     -0.00487957      -0.0618171     -0.00739153     -0.00144219     -0.00300894        0.014943       0.0264624      0.00805196       0.0198447        0.023095      0.00804905       0.0140769     -0.00532157     -0.00536564               0               0 
       0.2     -0.00721872       0.0190587     -0.00974969       -0.117385      -0.0147371     -0.00341643      -0.0060645       0.0286622       0.0545947       0.0161618       0.0408536       0.0468575       0.0163685       0.0285481      -0.0108071      -0.0125156               0               0 
       0.3       -0.010592       0.0283992      -0.0148504       -0.165382      -0.0225607     -0.00574069     -0.00884351       0.0414148       0.0832209       0.0244244       0.0623135       0.0708809       0.0245151       0.0433912      -0.0165867      -0.0392501               0               0 
       0.4      -0.0140636       0.0378078      -0.0195435       -0.209801        -0.03019     -0.00783456      -0.0114896        0.053623        0.111398       0.0329706       0.0837805       0.0949804       0.0327001        0.058299      -0.0221218      -0.0562326               0               0 
       0.5       -0.017656       0.0470136      -0.0244128       -0.257643      -0.0378718     -0.00960331      -0.0146471       0.0665947        0.139374        0.041401        0.104883         0.11896       0.0408013       0.0730092      -0.0277382      -0.0720867               0               0 
       0.6      -0.0210955       0.0567116      -0.0293152       -0.314702       -0.045285      -0.0117518      -0.0172344       0.0804345        0.167097       0.0494559        0.125671        0.142471       0.0490502       0.0874486      -0.0331827      -0.0843488               0               0 
       0.7      -0.0247146       0.0662648      -0.0346509       -0.385891      -0.0526416       -0.013395      -0.0206349       0.0966345        0.194182       0.0569902        0.145398        0.165389        0.057202        0.101246      -0.0387024      -0.0915835               0               0 
       0.8      -0.0288749       0.0762347      -0.0389988       -0.469541      -0.0589485      -0.0136657       -0.024258        0.114649        0.218379       0.0646471        0.163414         0.18743        0.065474        0.114192      -0.0432284      -0.0500623               0               0 
       0.9       -0.033847       0.0877489      -0.0439162       -0.556354      -0.0665238      -0.0129797      -0.0270805        0.134487        0.238162       0.0724676        0.178602        0.207855       0.0724414        0.126692      -0.0478941      -0.0482908               0               0 

 ********         Bootstrapping Results        ******** 
 ***  gamma_LL(h) - Lower Limits on Directional Variograms: 
         h        factor#1        factor#2        factor#3        -------> 
       0.1     1.80733e-06      1.8713e-05     2.23097e-06      0.00359226     5.12197e-06     2.51207e-06     1.68886e-06     0.000133334     0.000189546     2.06966e-05     6.13619e-05     0.000377563     9.43033e-06     7.33148e-05     5.11677e-06      0.00185404               0               0 
       0.2     7.12695e-06     7.67667e-05     5.69799e-06        0.011689     2.00955e-05      7.9917e-06     6.50043e-06     0.000466627     0.000629094     8.07755e-05     0.000214348      0.00125699     3.75363e-05      0.00028655     2.05966e-05      0.00249962               0               0 
       0.3     1.54028e-05     0.000175423     9.71066e-06       0.0207409     4.48777e-05     1.16392e-05     1.41702e-05     0.000912773      0.00119736     0.000178048      0.00044297      0.00222265     8.07891e-05     0.000630367      4.6883e-05      0.00285715               0               0 
       0.4     2.68947e-05       0.0003155     1.53457e-05       0.0292922     7.73787e-05     1.53367e-05     2.40024e-05       0.0012722      0.00183559     0.000310731     0.000734841      0.00290709     0.000140341       0.0010889     8.30166e-05      0.00338939               0               0 
       0.5     4.21409e-05     0.000490878     2.18196e-05       0.0378936     0.000119806     2.10299e-05     3.37571e-05       0.0017344      0.00251206     0.000476978      0.00108011      0.00352687      0.00021598      0.00166187     0.000129063      0.00340546               0               0 
       0.6     6.02443e-05     0.000703991     2.89423e-05       0.0482176     0.000173203     1.78151e-05     3.60777e-05      0.00225171      0.00337543     0.000689952      0.00149452      0.00438986     0.000308461      0.00236733     0.000185824      0.00608339               0               0 
       0.7     8.21694e-05     0.000941008     3.95597e-05       0.0638306     0.000242021     2.03666e-05     3.30508e-05      0.00305089      0.00451498     0.000944108      0.00202167      0.00578198     0.000417697      0.00321773     0.000252692      0.00471153               0               0 
       0.8     0.000109422      0.00119971     4.80433e-05       0.0872101     0.000314492     1.39207e-05      2.4374e-05      0.00421476      0.00610495       0.0012478      0.00267166      0.00806755     0.000554754      0.00419651     0.000325451       0.0014095               0               0 
       0.9     0.000137144      0.00145087      7.5276e-05        0.115894     0.000396608     1.77169e-05     2.80539e-05      0.00600804      0.00845602      0.00159029      0.00357019       0.0113381     0.000686646      0.00529971     0.000403954     0.000591145               0               0 

 ***  gamma_UL(h) - Upper Limits on Directional Variograms: 
         h        factor#1        factor#2        factor#3        -------> 
       0.1     6.83612e-05     0.000493008     0.000145914      0.00772216     0.000245254     6.36776e-05     0.000127296     0.000866139       0.0026769     0.000224256      0.00133439      0.00251423     0.000236122     0.000617141     0.000107212       0.0287006               0               0 
       0.2     0.000243126      0.00181771     0.000545624       0.0268373     0.000945434     0.000107574     0.000437454      0.00314786       0.0110299     0.000903651      0.00561123      0.00982519     0.000973187      0.00251278     0.000431177       0.0309063               0               0 
       0.3     0.000500096      0.00382617      0.00120397       0.0509996      0.00220009     0.000224793     0.000871983      0.00626478       0.0251855      0.00206362       0.0130126       0.0213586      0.00220238      0.00577786      0.00101164       0.0206262               0               0 
       0.4     0.000861142      0.00648976      0.00202292       0.0751129      0.00391485      0.00032991      0.00137425      0.00989718       0.0437545      0.00375839       0.0234432       0.0360096       0.0039265       0.0105043      0.00179646       0.0268252               0               0 
       0.5      0.00130329       0.0094516      0.00302134        0.099653      0.00611458     0.000455543      0.00218829       0.0144795       0.0662193      0.00592056       0.0364132       0.0517083      0.00611588       0.0164588      0.00282336       0.0253425               0               0 
       0.6      0.00182671       0.0135034       0.0043465        0.128016      0.00865085     0.000643084      0.00290672       0.0200197       0.0906609      0.00838684       0.0516833       0.0673857      0.00876878       0.0233014      0.00402513       0.0400411               0               0 
       0.7      0.00238741       0.0179768      0.00601079        0.166685       0.0115779     0.000699961      0.00407484       0.0270292        0.115852        0.011005       0.0681073       0.0837289       0.0117959       0.0306409      0.00545728       0.0461233               0               0 
       0.8      0.00322239       0.0224367      0.00754962        0.215352       0.0143698     0.000700875      0.00551429       0.0361755        0.138212       0.0140938       0.0842225        0.100749       0.0151699        0.038427      0.00674077      0.00917463               0               0 
       0.9      0.00436197       0.0287243      0.00939244        0.263998       0.0182868       0.0006306      0.00731268       0.0472325        0.152948         0.01752       0.0971095        0.116109       0.0183863        0.046592      0.00823634      0.00838412               0               0 

 ***  IVARS_LL(H) - Lower Limits on Integrated Variograms: 
         H        factor#1        factor#2        factor#3        -------> 
       0.1     9.03664e-08     9.35652e-07     1.11548e-07     0.000179613     2.56099e-07     1.25603e-07     8.44432e-08     6.66671e-06     9.47732e-06     1.03483e-06      3.0681e-06     1.88781e-05     4.71517e-07     3.66574e-06     2.55838e-07     9.27022e-05               0               0 
       0.3     1.66356e-06     1.83172e-05     1.27843e-06      0.00257655      4.7654e-06     1.85274e-06     1.52725e-06     0.000107771     0.000141732     1.90496e-05     4.97195e-05     0.000274777     8.73601e-06      6.7505e-05     4.91556e-06     0.000582899               0               0 
       0.5     7.23032e-06      8.3177e-05     4.38951e-06      0.00855022     2.07367e-05     5.01987e-06      6.4221e-06     0.000370711     0.000510752     8.28743e-05     0.000199361     0.000854099     3.76085e-05     0.000291005     2.20144e-05      0.00122591               0               0 

 ***  IVARS_UL(H) - Upper Limits on Integrated Variograms: 
         H        factor#1        factor#2        factor#3        -------> 
       0.1     3.41806e-06     2.46504e-05     7.29568e-06     0.000386108     1.22627e-05     3.18388e-06     6.36478e-06     4.33069e-05     0.000133845     1.12128e-05     6.67196e-05     0.000125712     1.18061e-05      3.0857e-05      5.3606e-06      0.00143503               0               0 
       0.3     5.68328e-05     0.000427094     0.000129352      0.00600161     0.000229073     2.85261e-05     0.000100074     0.000714193      0.00262116     0.000216384      0.00134566      0.00230625     0.000230804     0.000601771     0.000104421      0.00687893               0               0 
       0.5     0.000228664       0.0017231      0.00054271       0.0210464      0.00103629     9.54059e-05     0.000390766      0.00274045       0.0115408     0.000991433      0.00615823      0.00951939      0.00103937      0.00276404     0.000475818       0.0113485               0               0 

 ***  VARS-TO_LL - Lower Limits on Sobol Total-Order Effects calculated through VARS: 
                  factor#1        factor#2        factor#3        -------> 
                0.00033975      0.00394721     0.000168574         0.30078     0.000979695     0.000154574     0.000238184       0.0136677       0.0198002      0.00387181      0.00852947       0.0283319      0.00174361       0.0133672      0.00104301       0.0431047      3.5855e-32      3.5855e-32 

 ***  VARS-TO_UL - Lower Limits on Sobol Total-Order Effects calculated through VARS: 
                  factor#1        factor#2        factor#3        -------> 
                 0.0102603       0.0755019       0.0247683        0.803857        0.048236      0.00385863       0.0171671        0.115919        0.526173       0.0465183        0.291514        0.400366       0.0492711        0.130046       0.0226134        0.380171      1.4342e-31      1.4342e-31 

 ***  Reliability Estimates of Factor Rankings based on IVARS: 
         H        factor#1        factor#2        factor#3        -------> 
       0.1           0.305            0.91           0.716           0.646           0.332           0.394           0.242           0.758           0.588           0.223           0.824           0.568           0.475           0.871            0.55           0.646               1               1 
       0.3           0.312           0.909           0.676           0.729           0.512           0.616            0.22           0.619           0.531           0.261             0.8           0.439           0.539           0.677           0.532           0.408               1               1 
       0.5           0.309            0.92           0.491           0.934           0.436           0.612           0.288           0.481           0.454            0.26           0.527            0.28           0.528           0.576           0.513           0.394               1               1 

 ***  Reliability Estimates of Factor Rankings based on VARS-TO: 
                  factor#1        factor#2        factor#3        -------> 
                     0.295           0.907           0.444           0.874           0.442            0.54           0.275           0.574           0.453           0.186           0.337           0.321           0.455           0.718           0.484           0.195               1               1 

 ***  Factor Grouping based on VARS-TO & IVARS50: 
                  factor#1        factor#2        factor#3        -------> 
 VARS-TO              4               1               4               2               1               4               4               1               2               1               2               2               1               1               4               2               3               3 
 IVARS50              5               4               5               3               5               2               2               4               1               5               4               1               5               4               5               3               2               2 

 ***  Reliability Estimates of Rankings based on Factor Grouping: 
                  factor#1        factor#2        factor#3        -------> 
 VARS-TO              1           0.999           0.995               1           0.921           0.995           0.927           0.822           0.999            0.93           0.917           0.974           0.995           0.971           0.926           0.905               1               1 
 IVARS50          0.309           0.917           0.914               1           0.992           0.588           0.494           0.953           0.969           0.918           0.978           0.955           0.998           0.995           0.864           0.989               1               1 
