 -------- Variogram Analysis of Response Surfaces (VARS) Output File -------- 
 VARS settings: 
 Target Number of Stars = 100 
 Current Number of Stars = 70 
 minimum h = 0.1 
 Bootstrap Size = 1000 
 Bootstrap Confidence Level = 0.9 

 ***  gamma(h) - Directional Variograms: 
         h        factor#1        factor#2        factor#3        -------> 
       0.1     0.000593816        0.124257       0.0197254         0.11755      0.00013524      0.00133734       0.0628113       0.0218699       0.0153326     0.000103869       0.0687039       0.0739619     2.07143e-05        0.379882 
       0.2      0.00188653        0.126161       0.0156579        0.184793     0.000257722      0.00380632       0.0409686       0.0724947       0.0554721     0.000201173        0.166374        0.191622     3.88635e-05          1.3729 
       0.3      0.00325203        0.218956       0.0198459        0.258104     0.000363305      0.00745702       0.0587932        0.141243        0.114604     0.000293469        0.244495        0.224639     5.83184e-05         2.99725 
       0.4      0.00421949        0.278332       0.0188138         0.31133     0.000468457       0.0110621       0.0743196        0.205764         0.19639     0.000374485        0.352838        0.264698     7.81242e-05         5.19017 
       0.5       0.0053911        0.475694       0.0219926        0.377466     0.000561024        0.016035       0.0867844        0.230267         0.30181     0.000445525        0.436277        0.320088     9.67007e-05         7.95515 
       0.6       0.0074152        0.551451       0.0211917        0.473698     0.000635714       0.0202423       0.0971096        0.296443        0.372112     0.000500495        0.553455        0.400109     0.000117186         11.3254 
       0.7        0.011837        0.855427       0.0257619        0.629656     0.000677327        0.025731        0.117113        0.390669        0.386355     0.000576249        0.605419        0.533463     0.000136076         15.2964 
       0.8       0.0176539        0.806053       0.0159877        0.880066     0.000710603        0.030459        0.169758        0.461845        0.399171     0.000609307         0.71388        0.798501     0.000155454         19.8494 
       0.9       0.0207941         1.04145       0.0198414         1.33852     0.000729158       0.0302675       0.0348613        0.452296        0.427264     0.000650152        0.879196        0.954654     0.000186428         25.0976 

 ***  COV(h) - Directional Covariograms: 
         h        factor#1        factor#2        factor#3        -------> 
       0.1          5.2204         5.33998         5.11809         4.86196         5.23432         5.25358          5.0925         5.07545         5.00293         5.23368         4.92893         4.90562         5.24081         4.46641 
       0.2         5.22205         5.36104         5.14206         4.78088         5.23441          5.2553         5.10018         5.02681         4.96197         5.23327         4.83477         4.76747         5.24053         3.04443 
       0.3         5.22131         5.25442         5.13393         4.71812         5.23429         5.25261         5.07938         4.96822         4.90049         5.23346         4.74861         4.74672         5.24071         1.38106 
       0.4         5.21952         5.20735         5.12861         4.68387         5.23474         5.24484         5.06999         4.91595         4.81673         5.23382         4.62784         4.72163         5.24097       -0.382253 
       0.5         5.21373         5.04283         5.11735         4.64168          5.2336         5.23349          5.0705         4.86448         4.72025         5.23288         4.56583         4.68506         5.24092        -2.25442 
       0.6         5.20477         5.01635         5.10603         4.58137         5.23196          5.2197         5.07965         4.75787         4.66335         5.23152          4.4808         4.63326         5.24085        -4.28546 
       0.7         5.19459         4.76844         5.07992         4.48966         5.23234         5.19918         5.08478         4.66974         4.65197         5.23174         4.41767         4.55052         5.24146        -6.51007 
       0.8         5.18221         4.83777         5.04989         4.35298         5.23141         5.18072         5.05208         4.61469         4.64137         5.23215         4.29205         4.39088         5.24266        -9.01511 
       0.9         5.18144         4.96568         5.13331         4.03736         5.23076         5.17068         5.14022         4.61932           4.629         5.22853         4.16318          4.2806         5.24252        -11.7069 

 ***  ECOV(h) - Directional Expected Covariograms: 
         h        factor#1        factor#2        factor#3        -------> 
       0.1      0.00300788        0.141687     -0.00159097        0.103875     0.000207633       0.0074467      0.00771515        0.124519        0.137432     0.000170497        0.187433        0.134327     3.75789e-05         4.04414 
       0.2        0.001196        0.135971     0.000478271       0.0302074     7.67338e-05       0.0041213      0.00617046       0.0585703       0.0930638     6.68103e-05       0.0848489     -0.00966005      1.7688e-05         2.64932 
       0.3     1.42973e-05       0.0104374     -0.00425578      -0.0241066    -2.59877e-05      0.00049727     -0.00646621     -0.00931578       0.0292591    -2.72991e-05       0.0107979      -0.0249704    -1.67828e-06          1.0193 
       0.4    -0.000476872      -0.0157748     -0.00285231      -0.0494107    -0.000124388     -0.00239833      -0.0157269      -0.0571583      -0.0562739    -9.71379e-05      -0.0933991       -0.042201    -1.89125e-05       -0.760477 
       0.5     -0.00105616       -0.173006     -0.00442402      -0.0778509    -0.000197762     -0.00622339      -0.0208125      -0.0725638        -0.14292    -0.000152074       -0.150352      -0.0658439    -3.20582e-05        -2.70941 
       0.6     -0.00219178       -0.188567     -0.00121258       -0.117539    -0.000243661     -0.00870896      -0.0200688       -0.125093        -0.18506     -0.00018289       -0.227801      -0.0982437    -4.43978e-05        -4.85559 
       0.7     -0.00500865       -0.381718     -0.00357701       -0.176933    -0.000253525      -0.0115856      -0.0193026        -0.17282       -0.192403    -0.000219145       -0.248019       -0.151875    -5.27615e-05         -7.1826 
       0.8     -0.00830928       -0.341142      0.00731053       -0.241994    -0.000232111      -0.0131113      -0.0284549       -0.197589       -0.198864    -0.000213986       -0.289148       -0.255128    -5.84476e-05        -9.70958 
       0.9     -0.00985999       -0.408067     -0.00736566       -0.335204    -0.000182385      -0.0112076     -0.00987994       -0.192766       -0.213246     -0.00018495       -0.325181       -0.286812    -6.46425e-05        -12.4564 

 ***  IVARS(H) - Integrated Variograms: 
         H        factor#1        factor#2        factor#3        -------> 
       0.1     2.96908e-05      0.00621286     0.000986271      0.00587752       6.762e-06     6.68671e-05      0.00314057      0.00109349     0.000766631     5.19347e-06      0.00343519       0.0036981     1.03571e-06       0.0189941 
       0.3     0.000410636       0.0359896      0.00453063       0.0431396     5.74614e-05     0.000887217       0.0133177       0.0164986       0.0128107     4.51777e-05       0.0357325       0.0377903     8.87369e-06        0.325141 
       0.5      0.00126474       0.0985553      0.00850394        0.106051     0.000150524      0.00316803       0.0280285       0.0556505       0.0532704     0.000119576        0.105055       0.0914964     2.44371e-05         1.39178 

 ***  Factor Rankings based on IVARS: 
         H        factor#1        factor#2        factor#3        -------> 
       0.1              11               2               8               3              12              10               6               7               9              13               5               4              14               1 
       0.3              11               4               9               2              12              10               7               6               8              13               5               3              14               1 
       0.5              11               4               9               2              12              10               8               6               7              13               3               5              14               1 

 ***  VARS-TO - Sobol Total-Order Effects calculated through VARS: 
                  factor#1        factor#2        factor#3        -------> 
               0.000692656       0.0511447      0.00348751       0.0425833     6.59392e-05      0.00168929       0.0135632       0.0281527       0.0293788     5.27646e-05       0.0492587       0.0400569     1.12106e-05        0.850802 

 ***  Factor Rankings based on VARS-TO: 
                  factor#1        factor#2        factor#3        -------> 
                        11               2               9               4              12              10               8               7               6              13               3               5              14               1 

 ***  VARS-ABE - Morris mean ABsolute Elementary effects across scales: 
   delta x        factor#1        factor#2        factor#3        -------> 
       0.1      0.00775381       0.0932157       0.0359151       0.0582562      0.00511865       0.0154151       0.0457689        0.027666       0.0196021      0.00395443       0.0381313       0.0493889     0.000805075        0.814395 
       0.2        0.014143        0.110173       0.0496723       0.0885856      0.00962707       0.0278517       0.0555175       0.0522843       0.0400234      0.00758883       0.0709531        0.091411      0.00152372         1.61842 
       0.3       0.0196601        0.139914       0.0596043        0.113527       0.0135913       0.0385016       0.0671079       0.0737161       0.0642727       0.0109905       0.0997526        0.107918      0.00226989         2.42407 
       0.4       0.0243646        0.160356        0.063326        0.133117       0.0175219       0.0473044       0.0776483       0.0928936       0.0930425       0.0139911        0.136134        0.124541      0.00302429         3.21386 
       0.5       0.0292465        0.192371       0.0676535        0.155098       0.0210014       0.0552844        0.086367        0.107498        0.120934       0.0166374        0.162549        0.146702      0.00375902          3.9835 
       0.6       0.0351038        0.215515       0.0640095        0.185402        0.023892       0.0630859       0.0959972        0.128464        0.136613       0.0187076        0.197408        0.176198      0.00453644         4.74476 
       0.7       0.0424946        0.256075       0.0604491        0.234107       0.0255357       0.0708992        0.108032        0.146704        0.143592       0.0216138          0.2188        0.222362      0.00529642          5.5022 
       0.8       0.0490743        0.251064        0.048951        0.299591       0.0269066        0.076996        0.121466        0.154627        0.149733       0.0229455         0.25677        0.311804      0.00609488         6.25078 
       0.9       0.0518633        0.311579       0.0513778        0.425954       0.0275325        0.077307       0.0813938        0.149933         0.15694       0.0242731        0.298654        0.356322      0.00724567         7.01915 

 ***  VARS-ACE - Morris mean ACtual Elementary effects across scales: 
   delta x        factor#1        factor#2        factor#3        -------> 
       0.1      0.00237314       -0.028813     -0.00223783       0.0406323     4.93025e-05      0.00174062      0.00455802        -0.01219      -0.0104031      0.00111532      -0.0274964      -0.0353296     0.000325677          0.7699 
       0.2      0.00452958      -0.0519655    -0.000123299       0.0600972     6.04257e-05      0.00359604       0.0205626      -0.0277724      -0.0232769      0.00224116      -0.0531613      -0.0680325      0.00082206         1.53715 
       0.3      0.00588976      -0.0929792     -0.00670918       0.0766749    -0.000136312      0.00609399       0.0269739      -0.0429911      -0.0398267      0.00303391      -0.0768646      -0.0797145        0.001468         2.29897 
       0.4      0.00669561       -0.118795      -0.0144533       0.0906172    -0.000313552      0.00804512       0.0353918      -0.0550848      -0.0619548      0.00339406       -0.107428      -0.0944014      0.00208874         3.06858 
       0.5      0.00838286       -0.152819      -0.0227134        0.109359    -0.000986291       0.0104626       0.0435683      -0.0632062      -0.0840255      0.00416703       -0.129632       -0.114188      0.00263636         3.83786 
       0.6       0.0100434       -0.178193        -0.02168        0.135926    -0.000470328       0.0120677       0.0530878      -0.0826272      -0.0929323      0.00509109       -0.161141       -0.141602      0.00313312         4.60288 
       0.7       0.0137428       -0.216951      -0.0156548        0.178908    -0.000318062       0.0142193       0.0629392       -0.100313       -0.092929      0.00707912       -0.179351          -0.186      0.00342532         5.36427 
       0.8       0.0181183       -0.207862    -0.000493197        0.240389     0.000241703       0.0143841       0.0822506       -0.111089      -0.0931075      0.00896465       -0.212645        -0.27213      0.00328824         6.14861 
       0.9       0.0213582       -0.259317      -0.0201404        0.365691     0.000443723       0.0156656       0.0410222        -0.10971      -0.0936279       0.0100379       -0.247468       -0.317967       0.0029311          6.9291 

 ********         Bootstrapping Results        ******** 
 ***  gamma_LL(h) - Lower Limits on Directional Variograms: 
         h        factor#1        factor#2        factor#3        -------> 
       0.1     0.000104699        0.015327      0.00084172       0.0213483     0.000114022     0.000366165     0.000640866     0.000304795     0.000168562     8.34965e-05      0.00401302       0.0169271     1.08134e-05        0.322924 
       0.2     0.000207772         0.01882      0.00217997       0.0437263     0.000215389     0.000819277      0.00140434     0.000640877     0.000332128      0.00016031       0.0048987       0.0443233     2.01171e-05          1.2801 
       0.3     0.000348683       0.0197995      0.00315209       0.0451479     0.000303211      0.00132873      0.00215757      0.00100165     0.000507186      0.00023222      0.00597088       0.0508239     2.85597e-05         2.87803 
       0.4     0.000469379       0.0200293       0.0032375        0.052677      0.00038744      0.00173947      0.00294403       0.0013378     0.000711945     0.000293684      0.00707764       0.0586326     3.65043e-05         5.11159 
       0.5      0.00059332       0.0248959      0.00291669       0.0620755     0.000459362      0.00208303      0.00350725      0.00164163     0.000902076     0.000348776      0.00918875       0.0697512     4.51499e-05          7.8867 
       0.6     0.000753597       0.0361865      0.00233148       0.0784601      0.00052681       0.0025117      0.00425317      0.00199599      0.00114313     0.000390553       0.0114841       0.0852639     5.47564e-05          11.081 
       0.7     0.000914412       0.0448066      0.00156519        0.104086     0.000559303      0.00282456      0.00485893      0.00204167      0.00143486     0.000450698       0.0162583        0.112175     6.66392e-05         14.7929 
       0.8      0.00101692       0.0614736     0.000949589        0.157353     0.000579712      0.00316379      0.00513909      0.00193406      0.00168149     0.000473296       0.0236621        0.166137     8.04684e-05         19.1318 
       0.9      0.00114616        0.122018      0.00103021        0.311563      0.00059138       0.0030966      0.00335435      0.00161679      0.00197568     0.000505518       0.0480257        0.193191     9.73207e-05         24.1971 

 ***  gamma_UL(h) - Upper Limits on Directional Variograms: 
         h        factor#1        factor#2        factor#3        -------> 
       0.1      0.00149471        0.286119       0.0565616        0.240593     0.000156321      0.00295493        0.184578       0.0648132       0.0454551     0.000123764        0.154096        0.151398     3.16729e-05        0.469381 
       0.2      0.00503487        0.264506       0.0396577        0.370924     0.000303603      0.00902894        0.114034        0.215688        0.165143     0.000243734        0.371775        0.398163     5.95042e-05         1.50818 
       0.3      0.00864942        0.492555       0.0486102        0.549384     0.000424233       0.0185187        0.160101        0.420843        0.341721     0.000355662         0.56245        0.466551     9.13561e-05         3.17489 
       0.4       0.0110439        0.632646       0.0451864        0.661747     0.000548844       0.0280545        0.199428        0.613394        0.585977     0.000458678        0.850782        0.551123     0.000127108         5.30199 
       0.5       0.0140239         1.09939       0.0563708        0.800368       0.0006643       0.0417916        0.231837        0.686125        0.901238     0.000549813         1.05378        0.667516      0.00015596         8.00837 
       0.6       0.0194205         1.26333       0.0565219         1.00599     0.000753684       0.0531865        0.256528        0.883841         1.11057     0.000614238          1.3428        0.834017     0.000190663         11.5065 
       0.7       0.0321521         1.96323       0.0728906         1.33759     0.000799286       0.0684269        0.311027         1.16618          1.1513     0.000700403         1.40524         1.10942     0.000213164         15.6607 
       0.8       0.0490484         1.80031       0.0448328         1.84824     0.000847766       0.0814492        0.454151         1.38015         1.18763     0.000743592         1.56907         1.66288     0.000238017         20.3989 
       0.9       0.0581144         2.56842       0.0561091         2.67245     0.000879866       0.0799189       0.0915024         1.35203         1.26855     0.000786267         2.07545          1.9603     0.000285056         25.8331 

 ***  IVARS_LL(H) - Lower Limits on Integrated Variograms: 
         H        factor#1        factor#2        factor#3        -------> 
       0.1     5.23495e-06      0.00076635      4.2086e-05      0.00106741      5.7011e-06     1.83082e-05     3.20433e-05     1.52397e-05     8.42811e-06     4.17483e-06     0.000200651     0.000846354     5.40671e-07       0.0161462 
       0.3     4.90104e-05      0.00441499      0.00046018       0.0106664     4.83983e-05     0.000185334     0.000313179     0.000145615     7.53586e-05      3.6112e-05      0.00119261      0.00867606     4.55977e-06         0.30426 
       0.5     0.000140809      0.00867272      0.00109842       0.0212953      0.00012598     0.000534426     0.000883364     0.000416366     0.000218931     9.50287e-05      0.00265569       0.0205745     1.18894e-05         1.35843 

 ***  IVARS_UL(H) - Upper Limits on Integrated Variograms: 
         H        factor#1        factor#2        factor#3        -------> 
       0.1     7.47356e-05        0.014306      0.00282808       0.0120296     7.81607e-06     0.000147746      0.00922889      0.00324066      0.00227276     6.18821e-06      0.00770481      0.00756988     1.58364e-06        0.023469 
       0.3      0.00108555       0.0789887       0.0120552       0.0862018     6.67905e-05      0.00212748       0.0378708       0.0490914       0.0381457     5.42809e-05       0.0801995       0.0782932     1.35992e-05        0.356428 
       0.5      0.00332625        0.220669       0.0218016        0.217285     0.000175332      0.00794962       0.0773605        0.165779        0.158891     0.000144232        0.244801        0.190128     3.85449e-05         1.44414 

 ***  VARS-TO_LL - Lower Limits on Sobol Total-Order Effects calculated through VARS: 
                  factor#1        factor#2        factor#3        -------> 
                6.8107e-05      0.00298619     0.000378102      0.00688484     5.47804e-05     0.000236671     0.000400804     0.000184474     0.000106861     4.16577e-05     0.000955107      0.00883832     5.29551e-06        0.842816 

 ***  VARS-TO_UL - Lower Limits on Sobol Total-Order Effects calculated through VARS: 
                  factor#1        factor#2        factor#3        -------> 
                0.00183898        0.117284      0.00919634       0.0911651     7.70187e-05      0.00437742       0.0375306       0.0839538       0.0876569     6.46264e-05        0.118917       0.0836896     1.81141e-05        0.859614 

 ***  Reliability Estimates of Factor Rankings based on IVARS: 
         H        factor#1        factor#2        factor#3        -------> 
       0.1           0.814           0.444           0.407           0.192           0.803           0.652           0.168            0.39           0.442           0.933           0.158           0.366               1           0.985 
       0.3           0.876            0.23           0.407           0.425           0.869           0.653           0.264           0.369           0.314           0.945           0.193           0.336               1               1 
       0.5           0.887           0.178           0.413           0.308           0.906           0.653           0.375             0.3           0.346            0.95           0.216           0.146               1               1 

 ***  Reliability Estimates of Factor Rankings based on VARS-TO: 
                  factor#1        factor#2        factor#3        -------> 
                     0.898           0.411           0.414           0.187           0.918           0.491           0.378            0.27           0.253           0.947           0.224           0.145               1               1 

 ***  Factor Grouping based on VARS-TO & IVARS50: 
                  factor#1        factor#2        factor#3        -------> 
 VARS-TO              4               5               4               5               3               4               5               1               1               3               5               5               3               2 
 IVARS50              2               3               1               3               2               2               3               1               1               2               3               3               2               3 

 ***  Reliability Estimates of Rankings based on Factor Grouping: 
                  factor#1        factor#2        factor#3        -------> 
 VARS-TO          0.957           0.753           0.414           0.858           0.957           0.718           0.586           0.412           0.293               1           0.872           0.721               1               1 
 IVARS50              1               1           0.845            0.97               1           0.652           0.667           0.722           0.688               1           0.954           0.995               1               1 
