 -------- Variogram Analysis of Response Surfaces (VARS) Output File -------- 
 VARS settings: 
 Target Number of Stars = 100 
 Current Number of Stars = 100 
 minimum h = 0.1 
 Bootstrap Size = 1000 
 Bootstrap Confidence Level = 0.9 

 ***  gamma(h) - Directional Variograms: 
         h        factor#1        factor#2        factor#3        -------> 
       0.1     0.000450591       0.0872102       0.0140253       0.0824405     0.000143564      0.00101617       0.0441395         0.01536       0.0107868     0.000115309       0.0481548       0.0518989     1.89474e-05        0.368586 
       0.2      0.00138908       0.0886444       0.0113488        0.129616     0.000282193      0.00280647       0.0289411       0.0508385       0.0389341      0.00022149        0.116571        0.134322     3.23284e-05         1.36185 
       0.3      0.00237498        0.153636       0.0143314        0.181003     0.000395956      0.00540535        0.041414       0.0989855       0.0803611     0.000324559        0.171296        0.157468     4.68166e-05         2.98106 
       0.4      0.00307373        0.195287       0.0136639        0.218286     0.000507717      0.00797676       0.0522527        0.144171        0.137628     0.000394019        0.247177        0.185502     6.18404e-05         5.16732 
       0.5      0.00392481        0.333483       0.0159035        0.264671     0.000609583       0.0114803       0.0609872         0.16136        0.211434     0.000461594         0.30562        0.224272     7.62746e-05          7.9406 
       0.6      0.00534908         0.38657       0.0154126        0.332096     0.000685037       0.0144463       0.0683004        0.207717        0.260642     0.000513703        0.387675        0.280287     9.27606e-05         11.3172 
       0.7      0.00843919        0.599371       0.0185903        0.441409     0.000727653       0.0182909       0.0822901        0.273695        0.270615     0.000576613         0.42406        0.373616     0.000109239         15.2803 
       0.8       0.0125086        0.564872       0.0117387        0.616842     0.000776855       0.0216196        0.119022        0.323558        0.279592     0.000603464        0.500027        0.559207     0.000129313         19.8278 
       0.9       0.0147019        0.729859       0.0147154        0.937927     0.000807325        0.021489       0.0245554        0.316925        0.299251     0.000662159        0.615732        0.668536     0.000170527         25.0978 

 ***  COV(h) - Directional Covariograms: 
         h        factor#1        factor#2        factor#3        -------> 
       0.1         5.50004         5.54814         5.43015         5.28671         5.50825          5.5198         5.41474         5.41511         5.37878         5.50929         5.32687         5.31752         5.51458         4.24366 
       0.2         5.50124         5.55943         5.44527         5.23117          5.5084         5.52069         5.42254         5.37935         5.34975         5.50896          5.2634         5.22603         5.51444         2.82321 
       0.3         5.50102         5.48321         5.43985         5.18616         5.50827         5.51943         5.40774         5.33702          5.3063         5.50921         5.20352         5.20815          5.5147         1.18117 
       0.4          5.4991         5.45231         5.43597         5.15837         5.50872         5.51462         5.40055         5.30046         5.24716         5.50992         5.11867         5.18662         5.51498        -0.57658 
       0.5         5.49484         5.33644         5.42992         5.12305          5.5077         5.50612         5.39795         5.26815         5.18081         5.50896         5.06788         5.15511           5.515        -2.47457 
       0.6          5.4883         5.31684         5.42469         5.07221         5.50625         5.49566         5.39983         5.19911         5.14279         5.50757         4.99731         5.10999         5.51505        -4.53817 
       0.7         5.47952         5.14773         5.40773         4.99427         5.50674         5.48242         5.39946         5.14066         5.13464         5.50859         4.94638          5.0379         5.51575         -6.7721 
       0.8          5.4708         5.19246         5.39089         4.87861         5.50605         5.47238         5.36973         5.10325         5.12688         5.50979         4.84762         4.89632         5.51737        -9.23794 
       0.9         5.46848         5.25123         5.44588         4.61691         5.50674         5.46713         5.43493         5.10396         5.11708         5.50889         4.74409         4.80054         5.51922        -11.9477 

 ***  ECOV(h) - Directional Expected Covariograms: 
         h        factor#1        factor#2        factor#3        -------> 
       0.1      0.00215984       0.0992949     -0.00100616       0.0728596     0.000229316        0.005296      0.00544085        0.087224       0.0962621     0.000173846        0.131281       0.0940686       2.657e-05         4.03908 
       0.2     0.000856574       0.0951839      0.00029075       0.0211768     8.12852e-05      0.00290586      0.00427056       0.0410141       0.0651527     6.26077e-05       0.0594166     -0.00678364     1.23985e-05         2.64292 
       0.3    -1.36732e-06      0.00728237     -0.00306146       -0.016909    -2.99471e-05     0.000327104     -0.00457306     -0.00652847        0.020458    -4.10085e-05      0.00754193      -0.0175286    -1.47655e-06         1.02167 
       0.4     -0.00036552      -0.0111458     -0.00211351      -0.0346304    -0.000135398     -0.00174225      -0.0110315      -0.0400338      -0.0394306     -0.00010142      -0.0654308      -0.0295813    -1.39653e-05       -0.753592 
       0.5    -0.000798965        -0.12123     -0.00321444      -0.0546073    -0.000215589     -0.00443863      -0.0145911       -0.050847       -0.100097    -0.000153445       -0.105322      -0.0461268    -2.35306e-05        -2.70761 
       0.6     -0.00159678        -0.13215     -0.00101553      -0.0824186    -0.000258531      -0.0061939      -0.0141418      -0.0876395       -0.129595    -0.000182229       -0.159551       -0.068805    -3.27133e-05        -4.85526 
       0.7     -0.00355815       -0.267338      -0.0025901       -0.124081    -0.000268362      -0.0081944      -0.0135985        -0.12105       -0.134735    -0.000211069       -0.173692       -0.106324    -3.92189e-05        -7.17674 
       0.8     -0.00586197       -0.238922      0.00514853       -0.169693    -0.000260801      -0.0092607      -0.0198884       -0.138401       -0.139252    -0.000199111        -0.20249       -0.178634    -4.45013e-05        -9.68198 
       0.9     -0.00693739       -0.285879     -0.00499697       -0.234987    -0.000223317     -0.00788209     -0.00681739       -0.135048       -0.149318    -0.000183071       -0.227678       -0.200792    -5.27439e-05        -12.4369 

 ***  IVARS(H) - Integrated Variograms: 
         H        factor#1        factor#2        factor#3        -------> 
       0.1     2.25295e-05      0.00436051     0.000701263      0.00412203     7.17821e-06     5.08086e-05      0.00220698     0.000768002     0.000539342     5.76545e-06      0.00240774      0.00259495     9.47371e-07       0.0184293 
       0.3     0.000302716       0.0252672      0.00325397       0.0302558     6.23735e-05     0.000652531      0.00937876       0.0115691      0.00899015     4.99078e-05       0.0250374       0.0264955     7.46841e-06        0.322097 
       0.5     0.000925079       0.0691519       0.0061321       0.0743681     0.000163422      0.00229449       0.0197241       0.0390036       0.0373427     0.000128617       0.0736009       0.0641327      1.9807e-05         1.38491 

 ***  Factor Rankings based on IVARS: 
         H        factor#1        factor#2        factor#3        -------> 
       0.1              11               2               8               3              12              10               6               7               9              13               5               4              14               1 
       0.3              11               4               9               2              12              10               7               6               8              13               5               3              14               1 
       0.5              11               4               9               2              12              10               8               6               7              13               3               5              14               1 

 ***  VARS-TO - Sobol Total-Order Effects calculated through VARS: 
                  factor#1        factor#2        factor#3        -------> 
               0.000477772       0.0341349      0.00238281       0.0284237     6.82461e-05      0.00115528       0.0090744       0.0187754       0.0195925     5.29224e-05        0.032841       0.0267156     8.33078e-06        0.806709 

 ***  Factor Rankings based on VARS-TO: 
                  factor#1        factor#2        factor#3        -------> 
                        11               2               9               4              12              10               8               7               6              13               3               5              14               1 

 ***  VARS-ABE - Morris mean ABsolute Elementary effects across scales: 
   delta x        factor#1        factor#2        factor#3        -------> 
       0.1      0.00667108       0.0728235       0.0305891        0.045905      0.00532337        0.013579       0.0375509       0.0212067       0.0156466      0.00430275       0.0289129       0.0389671     0.000717873        0.813711 
       0.2       0.0123297       0.0862196       0.0431002       0.0698242       0.0103682       0.0244413       0.0467297       0.0398452       0.0317141      0.00821749       0.0536075       0.0704613      0.00125758         1.61767 
       0.3       0.0172446        0.106846       0.0508437        0.088585       0.0145961       0.0334885       0.0545998       0.0557492       0.0499783       0.0119462        0.075153       0.0833337      0.00182702         2.42032 
       0.4        0.021338         0.12249       0.0535367        0.102495       0.0187502       0.0409801       0.0613477       0.0699614       0.0708181       0.0145217        0.101915       0.0947064      0.00241793         3.20682 
       0.5       0.0258786        0.144992       0.0567474        0.119172       0.0225245       0.0471811       0.0672357       0.0813218       0.0908575       0.0170391        0.121369        0.109965      0.00299242         3.97884 
       0.6       0.0303025        0.162016       0.0545033        0.140765         0.02541        0.052782         0.07605       0.0968008          0.1018       0.0190344        0.146437        0.129849      0.00362689         4.74165 
       0.7       0.0354184        0.190876        0.051814        0.176186       0.0270391       0.0577747       0.0840511         0.11013        0.106874       0.0214604        0.161671        0.161766      0.00426305         5.49498 
       0.8       0.0400288        0.186963       0.0430952        0.222989       0.0288794       0.0621813       0.0913469        0.116612        0.111409       0.0225581        0.189209        0.225831       0.0050303         6.23678 
       0.9       0.0419116         0.23099       0.0463773        0.312779       0.0299078       0.0614962       0.0628746        0.114545        0.116211       0.0246364        0.218991        0.258015      0.00646086         7.00736 

 ***  VARS-ACE - Morris mean ACtual Elementary effects across scales: 
   delta x        factor#1        factor#2        factor#3        -------> 
       0.1      0.00130051      -0.0199411      -0.0018632       0.0285074     0.000784091     0.000993126      0.00314011     -0.00914506      -0.0070939     0.000827722       -0.019352      -0.0244307     0.000104517         0.77062 
       0.2      0.00225498      -0.0356249    -0.000542118       0.0418182      0.00158128      0.00181931       0.0139317      -0.0205827      -0.0159483      0.00140467      -0.0375197      -0.0468347     0.000453914         1.53819 
       0.3      0.00246573      -0.0641184     -0.00494444       0.0533952      0.00198286      0.00304953       0.0183329      -0.0315314      -0.0274675      0.00173773      -0.0543092      -0.0544621      0.00090855         2.30581 
       0.4      0.00239484      -0.0816137      -0.0102371       0.0634251      0.00262184      0.00398512       0.0240535      -0.0404535      -0.0430546      0.00160375      -0.0754956      -0.0644753      0.00134638         3.08037 
       0.5      0.00254527       -0.104596      -0.0158701       0.0771586      0.00278864      0.00513972       0.0298857      -0.0466174      -0.0584524      0.00185429      -0.0912091      -0.0777939      0.00170657         3.85258 
       0.6      0.00359226        -0.12242      -0.0153556       0.0951376      0.00393277      0.00597768       0.0360803      -0.0606802      -0.0645819      0.00240562       -0.113243       -0.096713      0.00201957         4.62056 
       0.7      0.00575337        -0.14961       -0.011537        0.124589      0.00462668      0.00711556       0.0427767      -0.0735732      -0.0640907      0.00405471       -0.126721       -0.127078      0.00211995         5.38023 
       0.8      0.00901993         -0.1425     -0.00216847        0.167273      0.00632513      0.00727724       0.0557269      -0.0823308      -0.0637933      0.00561869       -0.150079       -0.187339      0.00181566         6.15276 
       0.9       0.0117045        -0.17947      -0.0167688        0.256567      0.00705682      0.00893813        0.028261      -0.0823056      -0.0638451      0.00744949       -0.174168       -0.219876     0.000940657         6.93558 

 ********         Bootstrapping Results        ******** 
 ***  gamma_LL(h) - Lower Limits on Directional Variograms: 
         h        factor#1        factor#2        factor#3        -------> 
       0.1     0.000103427       0.0109904      0.00079907        0.015161     0.000124889     0.000334224     0.000627397      0.00025911     0.000173271     9.80549e-05     0.000294817       0.0140186      1.0556e-05        0.328513 
       0.2     0.000213983       0.0135754      0.00188945       0.0311471      0.00024191      0.00070749       0.0012759     0.000531922     0.000341453     0.000185075     0.000563994       0.0316423     1.77688e-05         1.29569 
       0.3     0.000343078        0.014343      0.00257901       0.0324222     0.000341266      0.00108709      0.00185876      0.00080617     0.000495688     0.000269096     0.000826454       0.0364008     2.49192e-05         2.89559 
       0.4     0.000453692       0.0145803      0.00271761       0.0379037     0.000432091      0.00141179      0.00242085      0.00107278     0.000651538     0.000327022       0.0011466       0.0420647      3.2072e-05         5.11281 
       0.5       0.0005724       0.0178084      0.00251516       0.0449326     0.000517705      0.00169901      0.00284076       0.0013396      0.00079986     0.000380019      0.00150492       0.0499245     3.93085e-05         7.86883 
       0.6     0.000683014       0.0256966      0.00214028       0.0567668     0.000590647      0.00198651      0.00345059      0.00158291      0.00094162     0.000420779      0.00188782       0.0609475     4.81081e-05         11.1083 
       0.7     0.000778717       0.0319981      0.00155075       0.0753566     0.000630621      0.00218879      0.00381436      0.00162724      0.00118455     0.000472275      0.00233227       0.0799962     5.81448e-05         14.8589 
       0.8     0.000874393       0.0437807      0.00110373        0.113469      0.00066356      0.00240069      0.00368143       0.0015594      0.00131325     0.000499778      0.00270466        0.118412     7.10752e-05         19.2014 
       0.9     0.000927833       0.0861394      0.00119671         0.22217      0.00068611      0.00245752      0.00248039      0.00138614      0.00155713     0.000539428         0.00277         0.14709     9.50039e-05         24.2561 

 ***  gamma_UL(h) - Upper Limits on Directional Variograms: 
         h        factor#1        factor#2        factor#3        -------> 
       0.1       0.0010903        0.208541       0.0399461        0.170977     0.000162312      0.00217892        0.129383       0.0454199       0.0318865      0.00013473        0.107894        0.103567     2.78296e-05        0.433104 
       0.2      0.00361387        0.192669       0.0284751        0.264186      0.00032428      0.00647888       0.0801342          0.1511        0.115747     0.000263351        0.256475        0.277149     4.79715e-05         1.46091 
       0.3       0.0062042        0.358718       0.0350291        0.380718     0.000452269        0.013193        0.112333        0.294728        0.239402      0.00038688        0.393454        0.322949     7.13461e-05         3.10816 
       0.4      0.00792519        0.454612       0.0327528         0.46347     0.000583619        0.019979          0.1396         0.42956        0.410434     0.000470869        0.599716        0.380354      9.6087e-05         5.24614 
       0.5       0.0100964        0.798193       0.0404921        0.565828      0.00070082       0.0296727        0.161973        0.480477        0.631169     0.000549548        0.742964        0.460503     0.000119569         7.99486 
       0.6       0.0139154         0.89934        0.040379        0.706947     0.000786129       0.0377273        0.178769        0.618877        0.777781     0.000609704        0.946615        0.576583     0.000144131         11.4713 
       0.7       0.0228241         1.40399       0.0516261        0.938823     0.000839495       0.0484807        0.216594        0.816584        0.806455     0.000688862        0.983722         0.76737     0.000166474         15.5646 
       0.8       0.0347662         1.30323       0.0320587          1.2829     0.000900341       0.0575318        0.316457        0.966379        0.831895     0.000719863          1.1381         1.15033     0.000191886         20.2651 
       0.9       0.0410995          1.8231       0.0402321         1.91962     0.000934615       0.0564542        0.064603        0.946842         0.88861     0.000791488         1.29806         1.36284     0.000250467         25.7147 

 ***  IVARS_LL(H) - Lower Limits on Integrated Variograms: 
         H        factor#1        factor#2        factor#3        -------> 
       0.1     5.17136e-06     0.000549522     3.99535e-05     0.000758048     6.24445e-06     1.67112e-05     3.13699e-05     1.29555e-05     8.66353e-06     4.90274e-06     1.47408e-05     0.000700931     5.27799e-07       0.0164257 
       0.3     4.96256e-05      0.00318939     0.000401089      0.00758141     5.38794e-05     0.000159104     0.000282119     0.000119822     7.62198e-05     4.20469e-05     0.000125833      0.00623112     4.10027e-06        0.307289 
       0.5     0.000140786      0.00624847     0.000934888       0.0152379      0.00014051     0.000436721      0.00075693     0.000332674     0.000206071     0.000107806     0.000357293       0.0147376      1.0564e-05         1.36069 

 ***  IVARS_UL(H) - Upper Limits on Integrated Variograms: 
         H        factor#1        factor#2        factor#3        -------> 
       0.1     5.45149e-05        0.010427      0.00199731      0.00854885      8.1156e-06     0.000108946      0.00646913      0.00227099      0.00159433     6.73648e-06      0.00539469      0.00517834     1.39148e-06       0.0216552 
       0.3     0.000779823       0.0578877      0.00859595       0.0620217     7.09999e-05      0.00152129       0.0265759       0.0343873       0.0267326     5.90233e-05       0.0562241        0.054219     1.11333e-05        0.344302 
       0.5      0.00238906        0.160537       0.0156257        0.152087     0.000185859      0.00566847       0.0542336        0.116099        0.111305     0.000152283         0.17141        0.131129     3.02777e-05         1.42234 

 ***  VARS-TO_LL - Lower Limits on Sobol Total-Order Effects calculated through VARS: 
                  factor#1        factor#2        factor#3        -------> 
                6.2352e-05       0.0020466     0.000316654      0.00474378     5.91214e-05     0.000183538     0.000318782     0.000143705     9.11571e-05     4.40417e-05     0.000165348      0.00602056     4.28804e-06        0.798775 

 ***  VARS-TO_UL - Lower Limits on Sobol Total-Order Effects calculated through VARS: 
                  factor#1        factor#2        factor#3        -------> 
                0.00125206       0.0786641      0.00623524        0.061718     7.81321e-05      0.00296161       0.0249788       0.0559501       0.0584341     6.31824e-05       0.0797457       0.0548923     1.29696e-05        0.814189 

 ***  Reliability Estimates of Factor Rankings based on IVARS: 
         H        factor#1        factor#2        factor#3        -------> 
       0.1           0.754           0.479           0.417           0.205           0.751            0.66           0.167           0.403           0.448             0.9           0.152           0.334               1               1 
       0.3           0.822           0.217           0.417           0.424           0.824           0.661           0.252           0.362           0.332           0.931           0.164           0.343               1               1 
       0.5           0.865           0.163           0.422           0.308           0.887           0.666           0.387           0.313           0.359           0.956           0.253           0.178               1               1 

 ***  Reliability Estimates of Factor Rankings based on VARS-TO: 
                  factor#1        factor#2        factor#3        -------> 
                     0.879           0.409           0.422           0.201           0.912           0.493           0.388           0.269           0.253            0.97           0.245           0.144               1               1 

 ***  Factor Grouping based on VARS-TO & IVARS50: 
                  factor#1        factor#2        factor#3        -------> 
 VARS-TO              4               5               4               5               3               4               5               1               1               3               5               5               3               2 
 IVARS50              2               3               1               3               2               2               3               1               1               2               3               3               2               3 

 ***  Reliability Estimates of Rankings based on Factor Grouping: 
                  factor#1        factor#2        factor#3        -------> 
 VARS-TO          0.922            0.75           0.422           0.843           0.919           0.717           0.597           0.422           0.296               1            0.87           0.716               1               1 
 IVARS50              1               1           0.853           0.978               1            0.66            0.68            0.71           0.706               1           0.941           0.997               1               1 
