 -------- Variogram Analysis of Response Surfaces (VARS) Output File -------- 
 VARS settings: 
 Target Number of Stars = 100 
 Current Number of Stars = 90 
 minimum h = 0.1 
 Bootstrap Size = 1000 
 Bootstrap Confidence Level = 0.9 

 ***  gamma(h) - Directional Variograms: 
         h        factor#1        factor#2        factor#3        -------> 
       0.1     0.000487394       0.0968152       0.0155049       0.0915417     0.000141575      0.00110658       0.0489656       0.0170513       0.0119663     0.000109674       0.0534832       0.0576278     1.86414e-05        0.373599 
       0.2      0.00151977       0.0983788       0.0124498        0.143906     0.000275893      0.00306768       0.0320086       0.0564622       0.0432172     0.000207307        0.129482        0.149181     3.32077e-05         1.37144 
       0.3      0.00261025        0.170593       0.0157722        0.200967     0.000386003      0.00593337       0.0458665        0.109951       0.0892258     0.000299637        0.190268        0.174887     4.89182e-05         2.99225 
       0.4      0.00338263        0.216811       0.0150395        0.242377     0.000494173      0.00877895       0.0579399        0.160154        0.152841     0.000369724        0.274557        0.206039     6.50946e-05         5.17302 
       0.5      0.00431897        0.370302        0.017488        0.293859     0.000595884       0.0126661       0.0676271        0.179253        0.234835     0.000442651        0.339479        0.249115     8.04093e-05         7.93676 
       0.6      0.00589448        0.429255        0.016889        0.368749     0.000673363       0.0159641       0.0757092        0.230768        0.289508     0.000497315        0.430647        0.311369      9.7642e-05         11.2958 
       0.7      0.00932458        0.665677       0.0204107        0.490139     0.000726177        0.020246       0.0912695        0.304084        0.300579     0.000560306         0.47107        0.415081     0.000114143         15.2362 
       0.8       0.0138394         0.62734       0.0128875        0.684969     0.000774625       0.0239405        0.132138        0.359492        0.310554     0.000586523        0.555472        0.621298     0.000132831         19.7665 
       0.9       0.0162873         0.81066        0.016252         1.04158      0.00079763       0.0237953       0.0271967        0.352106        0.332398     0.000640889        0.684044        0.742766     0.000167773          25.006 

 ***  COV(h) - Directional Covariograms: 
         h        factor#1        factor#2        factor#3        -------> 
       0.1         5.60418         5.66372         5.52346         5.35657         5.61077         5.62217         5.50442          5.5045         5.46067         5.61174         5.39978         5.38818         5.61979         4.26856 
       0.2         5.60573          5.6773         5.54031         5.29433          5.6111         5.62339          5.5126         5.46495         5.42848         5.61113         5.32841         5.28491         5.61961         2.84116 
       0.3         5.60559         5.59254         5.53499         5.24426         5.61077         5.62163         5.49643         5.41799         5.38039         5.61117          5.2618          5.2657         5.61986         1.19502 
       0.4         5.60358         5.55834         5.53121         5.21453         5.61113         5.61585         5.48857         5.37738         5.31519         5.61199         5.16767         5.24318         5.62014       -0.556126 
       0.5         5.59842         5.42916         5.52402         5.17762         5.60997         5.60684         5.48642           5.341         5.24077         5.61134         5.11322          5.2099         5.62012        -2.43937 
       0.6         5.59053         5.40667         5.51751         5.12457         5.60831         5.59584         5.48964         5.26354         5.19745         5.61041         5.03776         5.16233         5.62009        -4.47771 
       0.7         5.58069         5.21854          5.4995         5.04258         5.60846         5.58044         5.49021         5.19822         5.18899         5.61195          4.9831         5.08694         5.62076        -6.68189 
       0.8         5.57086         5.26723         5.48362         4.91945         5.60657         5.56773         5.45968         5.15609         5.18066         5.61295         4.87645         4.93741         5.62228        -9.12994 
       0.9         5.56911         5.33913         5.54818         4.64015         5.60665         5.56171         5.53284         5.15641         5.16991         5.61053         4.76362         4.83508         5.62358        -11.8115 

 ***  ECOV(h) - Directional Expected Covariograms: 
         h        factor#1        factor#2        factor#3        -------> 
       0.1      0.00238485        0.110267     -0.00116051       0.0808784     0.000223788      0.00584977      0.00601655       0.0969083         0.10692     0.000164062        0.145834        0.104506     2.95704e-05         4.03297 
       0.2     0.000948793        0.105738     0.000355774         0.02351     7.92132e-05      0.00322305      0.00477861       0.0455723       0.0723795     6.07217e-05       0.0660067     -0.00752652     1.38846e-05          2.6338 
       0.3     3.08628e-07      0.00806846     -0.00337486      -0.0187779    -2.85096e-05     0.000377896     -0.00504315     -0.00724563       0.0227408    -3.23293e-05      0.00838622      -0.0194576     -1.4546e-06          1.0117 
       0.4     -0.00040053      -0.0123467     -0.00233522      -0.0384606    -0.000129092     -0.00190971      -0.0122491      -0.0444717      -0.0437895    -9.34116e-05      -0.0726735      -0.0328527    -1.52277e-05       -0.759858 
       0.5    -0.000874474       -0.134617     -0.00352721      -0.0606116    -0.000208951     -0.00489994      -0.0161928      -0.0564844       -0.111184    -0.000149477       -0.116987      -0.0512311    -2.57111e-05        -2.70811 
       0.6     -0.00175638       -0.146737     -0.00104337      -0.0915049    -0.000253652     -0.00685246      -0.0156594      -0.0973707       -0.143959    -0.000178849       -0.177242      -0.0764385    -3.56971e-05        -4.84396 
       0.7     -0.00393423       -0.296935     -0.00280178       -0.137756    -0.000270551     -0.00908502      -0.0150761       -0.134502       -0.149667    -0.000206777       -0.192957       -0.118136    -4.25638e-05        -7.14993 
       0.8     -0.00649115       -0.265378      0.00569427       -0.188394    -0.000260385      -0.0102725      -0.0221155       -0.153788       -0.154691    -0.000192767       -0.224966       -0.198497    -4.77098e-05        -9.64419 
       0.9     -0.00769257       -0.317546      -0.0057439       -0.260882    -0.000216566     -0.00874068     -0.00769214       -0.150058       -0.165875    -0.000172774       -0.252974       -0.223129    -5.46981e-05        -12.3786 

 ***  IVARS(H) - Integrated Variograms: 
         H        factor#1        factor#2        factor#3        -------> 
       0.1     2.43697e-05      0.00484076     0.000775246      0.00457708     7.07874e-06     5.53292e-05      0.00244828     0.000852566     0.000598315      5.4837e-06      0.00267416      0.00288139     9.32072e-07         0.01868 
       0.3     0.000331229       0.0280491      0.00358408       0.0335931      6.1047e-05     0.000714095       0.0103907       0.0128489      0.00997964     4.66799e-05       0.0278099       0.0294252     7.63083e-06        0.324117 
       0.5      0.00101595       0.0767749      0.00675103       0.0825722     0.000159559      0.00252196       0.0218594       0.0433245       0.0414667     0.000120767        0.081753       0.0712293     2.06067e-05         1.38787 

 ***  Factor Rankings based on IVARS: 
         H        factor#1        factor#2        factor#3        -------> 
       0.1              11               2               8               3              12              10               6               7               9              13               5               4              14               1 
       0.3              11               4               9               2              12              10               7               6               8              13               5               3              14               1 
       0.5              11               4               9               2              12              10               8               6               7              13               3               5              14               1 

 ***  VARS-TO - Sobol Total-Order Effects calculated through VARS: 
                  factor#1        factor#2        factor#3        -------> 
               0.000517106       0.0372822       0.0025825       0.0310417     6.57783e-05      0.00125239      0.00989872       0.0205167       0.0214038     4.92821e-05       0.0358841       0.0291898     8.67983e-06        0.793338 

 ***  Factor Rankings based on VARS-TO: 
                  factor#1        factor#2        factor#3        -------> 
                        11               2               9               4              12              10               8               7               6              13               3               5              14               1 

 ***  VARS-ABE - Morris mean ABsolute Elementary effects across scales: 
   delta x        factor#1        factor#2        factor#3        -------> 
       0.1      0.00693563        0.078014        0.031941       0.0490537      0.00528557       0.0143098       0.0394693       0.0230148       0.0167014      0.00414297       0.0313183       0.0419714     0.000720476        0.815229 
       0.2       0.0128528       0.0922875        0.044416       0.0744665       0.0101911       0.0254065       0.0482333       0.0433625       0.0336996      0.00778216       0.0580584       0.0760045       0.0013105         1.62009 
       0.3       0.0181642        0.115794       0.0531763       0.0947423       0.0143264       0.0346825       0.0571646        0.060736       0.0532382       0.0111704       0.0814278       0.0898813      0.00193082         2.42262 
       0.4       0.0225592        0.132078       0.0562871        0.110259       0.0183979       0.0425957        0.065164       0.0764187       0.0758243       0.0137869        0.110506        0.102673      0.00257085         3.20779 
       0.5       0.0272633        0.157044       0.0593691        0.127962       0.0222124        0.049284       0.0717235       0.0890281       0.0976413       0.0165034        0.131698        0.119751      0.00318603         3.97724 
       0.6       0.0319449        0.175952       0.0564178        0.151894       0.0251971       0.0555518       0.0809257        0.106516        0.109744       0.0185992        0.159504        0.142379      0.00385627         4.73549 
       0.7       0.0374916         0.20715       0.0532478        0.190557       0.0272348       0.0613845       0.0897767        0.121576        0.115044       0.0210672        0.176396        0.178063      0.00450524         5.48341 
       0.8       0.0423391        0.202986       0.0440992        0.241783       0.0291176       0.0661007       0.0985125         0.12897        0.120104        0.022171        0.206618        0.249373        0.005242         6.22045 
       0.9       0.0447783        0.251887       0.0479235         0.34015        0.029913       0.0653395       0.0667589        0.126073         0.12544        0.024133        0.239639        0.284816      0.00648429         6.98591 

 ***  VARS-ACE - Morris mean ACtual Elementary effects across scales: 
   delta x        factor#1        factor#2        factor#3        -------> 
       0.1      0.00150673      -0.0222751     -0.00191886       0.0316674     0.000794052      0.00114416      0.00329868      -0.0100279     -0.00788772     0.000833957      -0.0213535      -0.0272155     0.000193291         0.76735 
       0.2      0.00273123      -0.0400274    -0.000634094       0.0463503      0.00167017        0.002113        0.015485      -0.0227197       -0.017733      0.00145465      -0.0413559      -0.0521177     0.000591155         1.53177 
       0.3      0.00300866      -0.0718442     -0.00594456       0.0590332      0.00228255      0.00364449       0.0204987      -0.0348723      -0.0303735      0.00179854      -0.0597671       -0.060703      0.00110871         2.29539 
       0.4      0.00298758      -0.0912788      -0.0121087       0.0694912      0.00321409      0.00469072       0.0268302      -0.0446661      -0.0474812      0.00175365      -0.0830855      -0.0722617      0.00161172         3.06729 
       0.5      0.00333117       -0.117431      -0.0186688       0.0839287      0.00359848      0.00588729       0.0334547      -0.0512084      -0.0643949      0.00191526       -0.100262      -0.0875426      0.00203507         3.83695 
       0.6      0.00448137       -0.136918      -0.0181631        0.104237      0.00482113      0.00703609       0.0402453      -0.0669992      -0.0712218      0.00263047       -0.124628       -0.108393      0.00241758         4.60094 
       0.7       0.0070202       -0.167636      -0.0138707        0.137744      0.00532594      0.00850382       0.0478304      -0.0813688      -0.0708715       0.0041966       -0.139457        -0.14164      0.00258698         5.35592 
       0.8       0.0109249        -0.16011     -0.00253638        0.185401       0.0066807      0.00845198       0.0619398      -0.0908789      -0.0709319       0.0058186       -0.165424       -0.208471      0.00236462          6.1271 
       0.9       0.0135606       -0.200476      -0.0172697        0.285007      0.00714646       0.0102974       0.0296882      -0.0902511      -0.0709895      0.00750561       -0.192182       -0.244939      0.00173962         6.90615 

 ********         Bootstrapping Results        ******** 
 ***  gamma_LL(h) - Lower Limits on Directional Variograms: 
         h        factor#1        factor#2        factor#3        -------> 
       0.1      0.00010313       0.0119195     0.000798775       0.0166934     0.000121878     0.000327169     0.000587758     0.000272993     0.000169597     9.02393e-05      0.00319218       0.0132711     9.80956e-06        0.328821 
       0.2     0.000209759        0.014554      0.00192504       0.0341844       0.0002337     0.000698577      0.00120413     0.000560437     0.000324103     0.000168377      0.00394151       0.0347022     1.81088e-05         1.29772 
       0.3     0.000354906       0.0153906      0.00273607       0.0352941     0.000330582      0.00113003      0.00176071     0.000820582     0.000469036     0.000241807      0.00485767       0.0398689     2.52888e-05         2.89692 
       0.4     0.000483905       0.0157047      0.00290121       0.0411763     0.000420342      0.00145749      0.00230478       0.0011153     0.000627984     0.000298448      0.00581694       0.0460293     3.30236e-05         5.11215 
       0.5     0.000604669       0.0193105      0.00260182       0.0485788     0.000505259      0.00173356      0.00267638      0.00141733     0.000759624     0.000352469      0.00758504       0.0547476     4.05404e-05         7.86779 
       0.6     0.000741636       0.0281927      0.00214685       0.0614256     0.000568812      0.00203384      0.00320692      0.00173189     0.000905991     0.000399658      0.00946259       0.0668048     4.95354e-05         11.0909 
       0.7     0.000861381       0.0352828      0.00151373       0.0815826     0.000613176      0.00235037      0.00358101      0.00181797       0.0011201     0.000448691       0.0132527       0.0875572     5.90071e-05         14.8183 
       0.8     0.000951162       0.0483358      0.00103391         0.12308     0.000654412      0.00261466      0.00354684       0.0016966      0.00129585     0.000471458       0.0190586        0.129755     7.24352e-05         19.1366 
       0.9        0.001018       0.0953978      0.00118204        0.242721     0.000666077      0.00259061       0.0024959      0.00150832      0.00155437      0.00050411        0.037879        0.151541     8.82861e-05         24.1986 

 ***  gamma_UL(h) - Upper Limits on Directional Variograms: 
         h        factor#1        factor#2        factor#3        -------> 
       0.1      0.00118295        0.210316       0.0440955        0.179915     0.000159515      0.00231326        0.142656        0.050404       0.0353646     0.000127258        0.116943        0.108997     2.76676e-05        0.446266 
       0.2      0.00395642        0.198959       0.0308817        0.283569     0.000313849      0.00699541       0.0864126        0.167745        0.128405      0.00024251        0.275077        0.293682     5.08408e-05         1.49216 
       0.3      0.00678578        0.368457       0.0378664        0.403584     0.000439015       0.0143233         0.12004         0.32727        0.265626     0.000353822        0.436921        0.343849      7.7219e-05         3.14928 
       0.4      0.00864731        0.465553       0.0350605        0.486118     0.000567887       0.0218005        0.148262        0.476941        0.455444     0.000439373        0.661708        0.405046     0.000103867         5.26009 
       0.5       0.0109863        0.834913       0.0436989        0.588991     0.000687059       0.0324514        0.171463        0.533471         0.70048     0.000528344        0.819448        0.489645     0.000127847         8.00197 
       0.6       0.0151914        0.919124       0.0438972        0.739637     0.000766697       0.0413093        0.188332        0.687341        0.862969     0.000593823          1.0441        0.612599     0.000155801         11.4778 
       0.7       0.0250699         1.46134       0.0567339        0.983749     0.000832323       0.0531657        0.228879        0.907044        0.894334     0.000668415         1.08217        0.818636     0.000180178         15.5616 
       0.8       0.0382174         1.32603       0.0350327         1.37694     0.000891542       0.0631359        0.334797         1.07346        0.922091     0.000702792         1.19956         1.22571     0.000203363         20.2739 
       0.9       0.0452656         1.87856       0.0439836         2.04975     0.000925568       0.0618533       0.0698259         1.05172         0.98422     0.000769586         1.39345         1.44134     0.000249008         25.7245 

 ***  IVARS_LL(H) - Lower Limits on Integrated Variograms: 
         H        factor#1        factor#2        factor#3        -------> 
       0.1     5.15649e-06     0.000595974     3.99387e-05     0.000834672      6.0939e-06     1.63584e-05     2.93879e-05     1.36497e-05     8.47987e-06     4.51196e-06     0.000159609     0.000663556     4.90478e-07        0.016441 
       0.3     4.89565e-05      0.00341972     0.000410017      0.00833361     5.23597e-05     0.000157379     0.000267782     0.000125437     7.26778e-05     3.82807e-05     0.000956257      0.00679316      4.0992e-06        0.307649 
       0.5      0.00014701      0.00674241     0.000969257       0.0166516     0.000136834      0.00045519     0.000735477     0.000348757      0.00019784      9.8148e-05      0.00215996       0.0161327     1.07838e-05         1.36121 

 ***  IVARS_UL(H) - Upper Limits on Integrated Variograms: 
         H        factor#1        factor#2        factor#3        -------> 
       0.1     5.91473e-05       0.0105158      0.00220478      0.00899576     7.97573e-06     0.000115663       0.0071328       0.0025202      0.00176823     6.36289e-06      0.00584715      0.00544985     1.38338e-06       0.0223133 
       0.3     0.000854072       0.0580179      0.00938214       0.0661985     6.93051e-05      0.00164992       0.0289024       0.0381759       0.0296569     5.43815e-05       0.0607068        0.057689      1.1662e-05        0.352033 
       0.5      0.00260698        0.165555       0.0169862        0.164357     0.000180867      0.00617266        0.058311        0.128905        0.123507     0.000141885        0.188648        0.139886     3.20902e-05         1.42915 

 ***  VARS-TO_LL - Lower Limits on Sobol Total-Order Effects calculated through VARS: 
                  factor#1        factor#2        factor#3        -------> 
               6.39107e-05      0.00215887     0.000318584      0.00505712     5.62999e-05      0.00018503     0.000298518     0.000153046     8.57755e-05     4.00823e-05     0.000737635      0.00647769     4.38031e-06        0.785249 

 ***  VARS-TO_UL - Lower Limits on Sobol Total-Order Effects calculated through VARS: 
                  factor#1        factor#2        factor#3        -------> 
                0.00134697       0.0797605      0.00670286       0.0622258     7.49348e-05      0.00319022       0.0264367       0.0611201        0.063779     5.84551e-05       0.0865771       0.0575536     1.38996e-05        0.801811 

 ***  Reliability Estimates of Factor Rankings based on IVARS: 
         H        factor#1        factor#2        factor#3        -------> 
       0.1            0.76           0.468           0.422           0.183           0.755           0.641            0.18             0.4           0.445           0.926            0.15           0.329               1               1 
       0.3            0.83           0.246           0.422           0.405           0.851           0.636           0.292           0.379           0.335           0.967           0.189           0.325               1               1 
       0.5           0.855           0.197           0.426           0.304           0.911           0.642             0.4           0.328           0.372           0.979            0.26           0.182               1               1 

 ***  Reliability Estimates of Factor Rankings based on VARS-TO: 
                  factor#1        factor#2        factor#3        -------> 
                     0.872           0.404           0.426           0.209           0.935           0.492           0.405           0.282           0.266           0.984           0.228            0.16               1               1 

 ***  Factor Grouping based on VARS-TO & IVARS50: 
                  factor#1        factor#2        factor#3        -------> 
 VARS-TO              4               5               4               5               3               4               5               1               1               3               5               5               3               2 
 IVARS50              2               3               1               3               2               2               3               1               1               2               3               3               2               3 

 ***  Reliability Estimates of Rankings based on Factor Grouping: 
                  factor#1        factor#2        factor#3        -------> 
 VARS-TO          0.943           0.784           0.426           0.825           0.937           0.696           0.602           0.422           0.307               1           0.891           0.739               1               1 
 IVARS50              1               1            0.84           0.964               1           0.641           0.686           0.745           0.675               1           0.958           0.997               1               1 
