 -------- Variogram Analysis of Response Surfaces (VARS) Output File -------- 
 VARS settings: 
 Target Number of Stars = 100 
 Current Number of Stars = 10 
 minimum h = 0.1 
 Bootstrap Size = 1000 
 Bootstrap Confidence Level = 0.9 

 ***  gamma(h) - Directional Variograms: 
         h        factor#1        factor#2        factor#3        -------> 
       0.1     0.000117942      0.00107876     0.000756247        0.393834     0.000150544     0.000426683     0.000486433     0.000470684     0.000203523     0.000150544       0.0268276       0.0011203     6.57817e-05        0.319483 
       0.2     0.000221665      0.00236719       0.0015602        0.462825     0.000289133      0.00106758     0.000951862      0.00116517     0.000433512      0.00028707       0.0317207      0.00202271     0.000148009         1.27831 
       0.3     0.000254945       0.0024205      0.00237266        0.542187     0.000396757      0.00187683      0.00153145      0.00188421     0.000773487     0.000407544       0.0382052      0.00286425     0.000226571         2.88015 
       0.4     0.000349089      0.00236169          0.0028        0.650913     0.000433201      0.00273189      0.00233533      0.00246226      0.00105461     0.000477351       0.0449228      0.00331881     0.000314102         5.12061 
       0.5     0.000377584      0.00241713      0.00261645        0.790921     0.000480778      0.00343988      0.00302043      0.00263434      0.00143082      0.00055442       0.0584528      0.00382666     0.000397584         7.99873 
       0.6     0.000368675      0.00243797      0.00196337        0.995623     0.000552145      0.00389687      0.00368347      0.00250538      0.00204679     0.000566717       0.0730187      0.00397426     0.000471153         11.5205 
       0.7     0.000457131      0.00221757      0.00127282         1.32554     0.000602219      0.00431794      0.00402147      0.00178695      0.00276899     0.000621648        0.104165      0.00422378     0.000528665         15.6789 
       0.8     0.000381428      0.00175063     0.000993372          1.9705     0.000671209      0.00417831      0.00383132      0.00106757      0.00297372      0.00065435        0.154784      0.00565258     0.000592035         20.4379 
       0.9     0.000257627      0.00375944     0.000981485         3.92062     0.000568262      0.00344952      0.00318598      0.00115958       0.0034846     0.000551044        0.324937       0.0102497     0.000592035         25.8018 

 ***  COV(h) - Directional Covariograms: 
         h        factor#1        factor#2        factor#3        -------> 
       0.1         5.32472         5.35784         5.35516          5.2045         5.30228         5.40274         5.36609         5.32067         5.36064         5.32216         5.26874         5.34693           5.311         6.74648 
       0.2         5.32528         5.35655         5.36257         5.16928         5.29881         5.40369          5.3657         5.31742         5.36055         5.32133         5.26628          5.3505          5.3106         5.36117 
       0.3         5.32725         5.35706         5.36623         5.13118         5.29529         5.40239          5.3735         5.32047         5.36121          5.3242         5.25815         5.35143         5.31239         3.75172 
       0.4         5.32588         5.35706         5.36442         5.07245         5.29869         5.39799         5.37289         5.32117         5.35728          5.3241         5.24945         5.34809         5.31385         1.93799 
       0.5         5.32569         5.35384         5.35206         5.00815         5.30447         5.39091         5.36478         5.32158         5.35523         5.32277         5.22587         5.33358         5.31093      -0.0859263 
       0.6         5.32545         5.34908          5.3339         4.91701         5.31316         5.38089         5.35297         5.32258          5.3521         5.32087         5.19623         5.31241          5.3066        -2.32639 
       0.7         5.32225         5.34652          5.3209         4.76684         5.32597         5.36689         5.34688         5.32675         5.34148          5.3197         5.15209         5.29377          5.3078        -4.77729 
       0.8         5.32796         5.34385         5.31586         4.49642         5.32769         5.34851         5.36853         5.34565         5.33638          5.3295         5.07485         5.27128         5.31306        -7.43176 
       0.9         5.33685          5.3285         5.34253         3.68508         5.32711         5.31152         5.37557         5.35072         5.31554         5.33187         4.85819         5.23129         5.31306        -10.2674 

 ***  ECOV(h) - Directional Expected Covariograms: 
         h        factor#1        factor#2        factor#3        -------> 
       0.1     0.000103623     0.000586098     0.000817285        0.026903     0.000177661      0.00136638      0.00126006     0.000906987     0.000689604     0.000188592      0.00420515     0.000850808     0.000173536         4.10875 
       0.2     2.08545e-06    -0.000555347    -3.37065e-05      0.00271005     3.52742e-05      0.00065775     0.000721519     0.000211409      0.00040965     4.85103e-05      0.00235777     0.000109908     7.84227e-05          2.7222 
       0.3      -3.724e-05    -0.000700002    -0.000723652      -0.0211591    -6.83786e-05    -0.000126429     8.37847e-05    -0.000426393     1.42891e-05    -7.13994e-05    -0.000238443    -0.000552607    -4.11993e-07         1.11677 
       0.4    -0.000113025    -0.000627003     -0.00110241       -0.057049    -0.000101883    -0.000844698    -0.000686245    -0.000972635    -0.000189167    -0.000130166     -0.00140667    -0.000823548    -8.14203e-05       -0.697741 
       0.5    -0.000128216    -0.000506913     -0.00100807      -0.0964569    -0.000133293     -0.00145074     -0.00123095     -0.00116695    -0.000428378    -0.000191779     -0.00718232     -0.00111699    -0.000147957         -2.7232 
       0.6    -9.93481e-05    -0.000264463    -0.000488817       -0.150259    -0.000180408     -0.00175481      -0.0016834     -0.00107135    -0.000838848    -0.000180893      -0.0101166    -0.000942975    -0.000196109        -4.96599 
       0.7     -0.00013388     0.000135336     0.000240758       -0.226386    -0.000210151     -0.00177176     -0.00182542    -0.000297234     -0.00126566    -0.000197184      -0.0218523     -0.00058539    -0.000224279        -7.41997 
       0.8    -2.95848e-05     0.000553085     0.000942548       -0.360318     -0.00023141     -0.00113396     -0.00157744     0.000763049     -0.00133415    -0.000183469       -0.034745    -0.000634683    -0.000249627        -10.0622 
       0.9     0.000241979     0.000359064      0.00094048       -0.762608    -4.72528e-05     0.000304253     -0.00100964      0.00111526     -0.00149831     2.31422e-05      -0.0915271    -0.000892947    -0.000249627        -12.9005 

 ***  IVARS(H) - Integrated Variograms: 
         H        factor#1        factor#2        factor#3        -------> 
       0.1     5.89708e-06     5.39378e-05     3.78124e-05       0.0196917     7.52718e-06     2.13342e-05     2.43217e-05     2.35342e-05     1.01761e-05     7.52718e-06      0.00134138     5.60149e-05     3.28909e-06       0.0159742 
       0.3     4.67079e-05      0.00046562     0.000350277        0.112775     6.38055e-05     0.000243268     0.000220402     0.000257796     0.000102378     6.41386e-05      0.00776509     0.000457513     3.27076e-05        0.303787 
       0.5     0.000113243     0.000943671     0.000879732        0.244522     0.000151002     0.000782292      0.00068153      0.00072995     0.000318054     0.000159972       0.0170903      0.00112394     9.53255e-05         1.35979 

 ***  Factor Rankings based on IVARS: 
         H        factor#1        factor#2        factor#3        -------> 
       0.1              13               5               6               1              11               9               7               8              10              12               3               4              14               2 
       0.3              13               4               6               2              12               8               9               7              10              11               3               5              14               1 
       0.5              13               5               6               2              12               7               9               8              10              11               3               4              14               1 

 ***  VARS-TO - Sobol Total-Order Effects calculated through VARS: 
                  factor#1        factor#2        factor#3        -------> 
               3.96604e-05     0.000298012     0.000281665       0.0753127     5.87493e-05     0.000320962     0.000312626     0.000246606     0.000159871     6.07058e-05      0.00555493     0.000352832     4.28383e-05        0.792661 

 ***  Factor Rankings based on VARS-TO: 
                  factor#1        factor#2        factor#3        -------> 
                        14               7               8               2              12               5               6               9              10              11               3               4              13               1 

 ***  VARS-ABE - Morris mean ABsolute Elementary effects across scales: 
   delta x        factor#1        factor#2        factor#3        -------> 
       0.1      0.00453143       0.0238145       0.0217593        0.135296      0.00600449       0.0138538       0.0178311       0.0147797      0.00671296      0.00600449       0.0366232       0.0176571      0.00267256        0.798134 
       0.2      0.00758365       0.0342566       0.0341304        0.162072       0.0112847       0.0220092       0.0275253       0.0260101       0.0131866       0.0112374       0.0494476       0.0292172      0.00601326         1.59831 
       0.3      0.00907287       0.0339917       0.0445527        0.188968       0.0156385       0.0305465       0.0335137        0.036066       0.0208604       0.0158279       0.0617965       0.0397312      0.00906385         2.39985 
       0.4       0.0113426       0.0386048       0.0477904        0.224356       0.0173295       0.0395939       0.0413931       0.0459701       0.0265467       0.0189394       0.0752315       0.0407239       0.0123737         3.19991 
       0.5       0.0117929       0.0382323       0.0469444        0.266096       0.0195455       0.0430556       0.0454798       0.0517298       0.0318561       0.0223864       0.0884596       0.0467727       0.0157576         3.99945 
       0.6       0.0124684       0.0406408       0.0386995        0.326433       0.0228693       0.0471749       0.0535038       0.0530461       0.0398201       0.0230114        0.101673       0.0504482       0.0185606         4.79987 
       0.7       0.0151094       0.0360059        0.033165        0.415337       0.0253788       0.0489268       0.0563131        0.046654       0.0456439       0.0255682        0.126263       0.0513342        0.021149         5.59964 
       0.8       0.0149937       0.0340593       0.0331755        0.590019       0.0284722       0.0499684       0.0455808       0.0369949       0.0482008        0.027904        0.166351       0.0531061        0.024053         6.39324 
       0.9        0.010101       0.0530934       0.0332071         1.11223       0.0241162        0.048548       0.0405303       0.0386995       0.0513258       0.0233586        0.284912       0.0690152        0.024053         7.18321 

 ***  VARS-ACE - Morris mean ACtual Elementary effects across scales: 
   delta x        factor#1        factor#2        factor#3        -------> 
       0.1      0.00112233     -0.00177469       0.0025954        0.117605      -0.0015853    -0.000666386      0.00450337    -0.000890853     -0.00330387       0.0025954       -0.026929     -0.00546296      0.00166246        0.798134 
       0.2      0.00261206     -0.00377999      0.00436395        0.137467      -0.0024779     -0.00228062       0.0102588     -0.00356692     -0.00821496      0.00470328      -0.0344539     -0.00604167      0.00374053         1.59831 
       0.3      0.00387807     -0.00742244      0.00452742        0.157258     -0.00427489     -0.00240801       0.0168651     -0.00700758      -0.0138799      0.00527597      -0.0430736     -0.00853716      0.00646645         2.39985 
       0.4      0.00376684      -0.0116898      0.00294613        0.182605     -0.00602904     -0.00339857       0.0241582     -0.00752315      -0.0168876      0.00511364      -0.0530513     -0.00978114      0.00934343         3.19991 
       0.5       0.0045202      -0.0138889      0.00262626        0.220035     -0.00848485     -0.00421717       0.0287121      -0.0092298      -0.0202652      0.00579545      -0.0654798      -0.0128485       0.0121212         3.99945 
       0.6      0.00565025      -0.0175347      0.00441919        0.273908     -0.00904356     -0.00509785       0.0362374      -0.0112847      -0.0253314      0.00767045       -0.079577      -0.0146717       0.0140152         4.79987 
       0.7      0.00904882       -0.017319        0.010564        0.366936     -0.00997475     -0.00561869       0.0393519       -0.016351      -0.0323864       0.0123106       -0.100505        -0.01992       0.0150884         5.59964 
       0.8       0.0104482      -0.0151199       0.0174558        0.549867     -0.00991162     -0.00912247       0.0410354      -0.0142677      -0.0328598       0.0188131       -0.137816      -0.0241667       0.0149621         6.39324 
       0.9        0.010101      -0.0159722       0.0233586         1.05845      -0.0142677     -0.00599747       0.0405303     -0.00801768      -0.0297348       0.0233586       -0.242361      -0.0491667       0.0149621         7.18321 

 ********         Bootstrapping Results        ******** 
 ***  gamma_LL(h) - Lower Limits on Directional Variograms: 
         h        factor#1        factor#2        factor#3        -------> 
       0.1     3.42936e-05     0.000408748     0.000390771     0.000536993     9.56624e-05     0.000139723     0.000308757     0.000210447     9.05719e-05     8.98523e-05     0.000183145     0.000248077     2.29568e-05         0.31639 
       0.2     5.16529e-05     0.000521394     0.000576061      0.00115958     0.000165809     0.000228061     0.000456626     0.000403289     0.000175248     0.000167712     0.000341707      0.00046379     5.16529e-05         1.27325 
       0.3     6.63198e-05     0.000436206      0.00067549      0.00146535      0.00023377     0.000339194     0.000502386     0.000578405     0.000256958     0.000221984     0.000465833     0.000632594     8.85478e-05         2.87128 
       0.4     7.73731e-05     0.000553844     0.000754945      0.00189027     0.000275482      0.00045916     0.000543086     0.000803297     0.000331469     0.000276199     0.000557182     0.000534756     0.000109523         5.09639 
       0.5     9.28477e-05      0.00047527     0.000767404      0.00218444     0.000319865     0.000413239     0.000516274     0.000961469     0.000397763     0.000333926     0.000593634     0.000670743     0.000138028         7.96277 
       0.6      0.00011606     0.000514422     0.000530399      0.00261801     0.000355921      0.00051078      0.00072314      0.00103327     0.000497204      0.00036157     0.000561895     0.000730656     0.000164285         11.4663 
       0.7     0.000154746     0.000397228     0.000432593      0.00269249     0.000344831     0.000514197     0.000792011     0.000884018     0.000528366     0.000409457      0.00065965     0.000645856     0.000206612         15.6307 
       0.8     0.000154321     0.000567704     0.000546749      0.00237675     0.000413223     0.000569776     0.000431238     0.000568182     0.000602886     0.000412585     0.000503954     0.000413941     0.000206612         20.3458 
       0.9               0     0.000516688     0.000414658      0.00382231     0.000259062     0.000495366     0.000190111     0.000592035     0.000619835     0.000276917     0.000710566     0.000229023     0.000206612         25.5226 

 ***  gamma_UL(h) - Upper Limits on Directional Variograms: 
         h        factor#1        factor#2        factor#3        -------> 
       0.1     0.000212926      0.00187799      0.00119798         1.10949     0.000220738     0.000782614     0.000683001     0.000813135     0.000331041     0.000219525       0.0799613      0.00264472     0.000108029         0.32219 
       0.2     0.000417503      0.00456244      0.00281085         1.30695     0.000449133      0.00232034      0.00167186      0.00234027     0.000731929     0.000447768       0.0942467      0.00483398     0.000243065         1.28261 
       0.3     0.000486831      0.00450386      0.00443892         1.52914     0.000592198      0.00428918      0.00329549      0.00406555      0.00141354     0.000649393         0.11339      0.00669812     0.000379352         2.88803 
       0.4      0.00069936      0.00428114      0.00528205         1.84363     0.000603982      0.00617541      0.00541086      0.00523373       0.0020078     0.000710227        0.133315      0.00773651     0.000555269          5.1431 
       0.5     0.000728824       0.0044623      0.00514757         2.23645     0.000649822      0.00775849      0.00744218      0.00536093      0.00287936     0.000788292        0.173788      0.00878286     0.000703484         8.02988 
       0.6     0.000658415      0.00450373      0.00415862         2.82373     0.000749146       0.0088309      0.00870312      0.00468328        0.004374     0.000774973        0.217427      0.00874538     0.000832903         11.5708 
       0.7     0.000796315      0.00411528      0.00258889         3.76027     0.000860084      0.00969289      0.00964203      0.00281993      0.00624695     0.000865186         0.31049      0.00907661     0.000885154         15.7215 
       0.8     0.000644705      0.00324355      0.00161886         5.57493     0.000929114       0.0093939       0.0097879      0.00170327      0.00674438     0.000927839        0.462119       0.0131123     0.000972258         20.5142 
       0.9     0.000566269      0.00706523      0.00160132         11.1179     0.000877461      0.00809828      0.00792154      0.00177941      0.00813336     0.000859686        0.972306       0.0254371     0.000972258         26.0405 

 ***  IVARS_LL(H) - Lower Limits on Integrated Variograms: 
         H        factor#1        factor#2        factor#3        -------> 
       0.1     1.71468e-06     2.04374e-05     1.95386e-05     2.68496e-05     4.78312e-06     6.98614e-06     1.54379e-05     1.05223e-05      4.5286e-06     4.49261e-06     9.15727e-06     1.24039e-05     1.14784e-06       0.0158195 
       0.3     1.18884e-05     0.000116441     0.000130547     0.000239801     3.89129e-05     5.51885e-05     0.000105173     9.18952e-05     4.01959e-05      3.8069e-05     7.60089e-05      0.00010514     1.18884e-05        0.302601 
       0.5     2.76615e-05     0.000218567     0.000279798     0.000610971     9.40345e-05     0.000148118     0.000222853     0.000247951     0.000106277     9.40573e-05     0.000188936     0.000227967     3.62568e-05         1.35417 

 ***  IVARS_UL(H) - Upper Limits on Integrated Variograms: 
         H        factor#1        factor#2        factor#3        -------> 
       0.1     1.06463e-05     9.38993e-05      5.9899e-05       0.0554747     1.10369e-05     3.91307e-05     3.41501e-05     4.06567e-05      1.6552e-05     1.09762e-05      0.00399806     0.000132236     5.40143e-06       0.0161095 
       0.3     8.64901e-05     0.000864603     0.000618984        0.318111     9.63518e-05      0.00052328     0.000392672     0.000513703      0.00017711     9.85078e-05       0.0230915       0.0010849     5.36146e-05        0.304813 
       0.5     0.000215213      0.00172488      0.00162998        0.690731     0.000216688      0.00174341       0.0014747      0.00150672     0.000584613     0.000241502        0.050781      0.00262924     0.000162037         1.36471 

 ***  VARS-TO_LL - Lower Limits on Sobol Total-Order Effects calculated through VARS: 
                  factor#1        factor#2        factor#3        -------> 
               1.04458e-05     7.93355e-05     9.95722e-05     0.000247274     3.68745e-05      5.6448e-05     8.57944e-05      0.00010008     4.33763e-05     3.59925e-05     7.10864e-05     8.77198e-05     1.61393e-05        0.790225 

 ***  VARS-TO_UL - Lower Limits on Sobol Total-Order Effects calculated through VARS: 
                  factor#1        factor#2        factor#3        -------> 
                7.1883e-05     0.000532952     0.000526236        0.212944     8.20491e-05     0.000695177     0.000710328      0.00046559     0.000321128     8.86251e-05       0.0164739     0.000763689     7.35478e-05        0.794843 

 ***  Reliability Estimates of Factor Rankings based on IVARS: 
         H        factor#1        factor#2        factor#3        -------> 
       0.1           0.537           0.324           0.424           0.674           0.433           0.381           0.204            0.26           0.651           0.364           0.674           0.291           0.828           0.674 
       0.3           0.469            0.54           0.368           0.869           0.373           0.328           0.434            0.43           0.633           0.352           0.674           0.151            0.69           0.941 
       0.5           0.324           0.156           0.368           0.932           0.421           0.264           0.375           0.337            0.61           0.405           0.674           0.305           0.586               1 

 ***  Reliability Estimates of Factor Rankings based on VARS-TO: 
                  factor#1        factor#2        factor#3        -------> 
                     0.527           0.188           0.132           0.942           0.396           0.377           0.272           0.317           0.531           0.438           0.674           0.293           0.388               1 

 ***  Factor Grouping based on VARS-TO & IVARS50: 
                  factor#1        factor#2        factor#3        -------> 
 VARS-TO              3               1               1               4               3               1               1               1               1               3               4               1               3               2 
 IVARS50              5               2               2               1               5               2               2               2               5               5               3               2               5               4 

 ***  Reliability Estimates of Rankings based on Factor Grouping: 
                  factor#1        factor#2        factor#3        -------> 
 VARS-TO              1           0.871           0.995           0.971           0.892           0.916            0.99           0.992           0.825           0.853           0.674           0.785           0.964               1 
 IVARS50              1           0.848           0.981           0.674           0.957            0.94           0.996               1            0.96           0.971           0.674           0.779               1           0.674 
