 -------- Variogram Analysis of Response Surfaces (VARS) Output File -------- 
 VARS settings: 
 Target Number of Stars = 100 
 Current Number of Stars = 80 
 minimum h = 0.1 
 Bootstrap Size = 1000 
 Bootstrap Confidence Level = 0.9 

 ***  gamma(h) - Directional Variograms: 
         h        factor#1        factor#2        factor#3        -------> 
       0.1     0.000533448        0.108835       0.0173196        0.102922     0.000135667      0.00120904       0.0550326       0.0191669       0.0134338     0.000109083       0.0601413       0.0647773     2.08377e-05        0.372881 
       0.2       0.0016819        0.110586       0.0137766        0.161801     0.000262092        0.003399       0.0359379       0.0634945       0.0485677     0.000208919         0.14563        0.167762     3.70573e-05         1.36186 
       0.3       0.0028955        0.191798       0.0174687        0.225985     0.000371667      0.00660701       0.0515409        0.123657        0.100318     0.000300621        0.214013        0.196679     5.45163e-05         2.98463 
       0.4      0.00375678        0.243771       0.0165886        0.272564     0.000479921      0.00977585       0.0651306        0.180122        0.171892     0.000378816        0.308825        0.231725     7.24277e-05         5.18405 
       0.5       0.0048026        0.416472       0.0193686        0.330469     0.000579805       0.0141269       0.0760194        0.201593        0.264139     0.000455062        0.381843        0.280183     8.94959e-05         7.96542 
       0.6      0.00657319        0.482732       0.0186714        0.414693     0.000661282       0.0178259       0.0850952        0.259537         0.32565     0.000514645        0.484389        0.350232     0.000108642         11.3555 
       0.7       0.0104414        0.748704       0.0226313        0.551202     0.000718136       0.0226411        0.102581        0.342007        0.338119     0.000583224        0.529868        0.466914     0.000127205         15.3551 
       0.8        0.015523        0.705483         0.01406        0.770422     0.000768118        0.026779        0.148591        0.404327        0.349345     0.000614175        0.624788        0.698897     0.000148229         19.9357 
       0.9       0.0182708        0.911652       0.0174398         1.17166     0.000793999       0.0265741       0.0305602        0.396015        0.373928     0.000662828        0.769434        0.835554     0.000187539         25.2254 

 ***  COV(h) - Directional Covariograms: 
         h        factor#1        factor#2        factor#3        -------> 
       0.1         5.40451         5.49538         5.31479         5.09973         5.41448         5.43057         5.29088         5.28108         5.22426         5.41249         5.15767         5.13738         5.42097         4.36318 
       0.2         5.40654         5.51215         5.33512           5.029         5.41477         5.43165         5.29856          5.2381         5.18865         5.41165         5.07641         5.01843         5.42076         2.94716 
       0.3         5.40625         5.41826         5.32854         4.97378          5.4143         5.42931         5.28044         5.18591         5.13486         5.41173         5.00167         4.99939         5.42099         1.29076 
       0.4         5.40404         5.37834          5.3238         4.94254         5.41467         5.42281         5.27182         5.13998         5.06159         5.41255         4.89571         4.97571         5.42129       -0.479597 
       0.5         5.39809         5.23456         5.31414         4.90374         5.41346         5.41345          5.2712         5.09672         4.97645         5.41216         4.83815         4.94143         5.42135        -2.37525 
       0.6         5.38898         5.21169         5.30451         4.84819         5.41172         5.40223         5.27753         5.00608          4.9256         5.41163         4.75878         4.89266         5.42145        -4.43672 
       0.7         5.37786         4.99795         5.28171         4.76339         5.41187         5.38547         5.28019         4.93003          4.9151         5.41339         4.70018         4.81431         5.42223        -6.69708 
       0.8         5.36608         5.05873         5.25787         4.63746         5.40933         5.37088         5.24953         4.88083         4.90476         5.41502         4.58701         4.66444         5.42386        -9.22091 
       0.9          5.3653         5.16072         5.32865         4.34665         5.40809         5.36313         5.32844         4.88481         4.89273         5.41214         4.47017         4.56122         5.42534        -11.9482 

 ***  ECOV(h) - Directional Expected Covariograms: 
         h        factor#1        factor#2        factor#3        -------> 
       0.1      0.00266454        0.124026     -0.00136873       0.0909501     0.000218759      0.00654493      0.00676308        0.108998        0.120271        0.000171        0.164045        0.117568     3.28273e-05         4.05357 
       0.2      0.00106099        0.118942     0.000428492       0.0264447      8.1539e-05      0.00360703      0.00539178       0.0512568       0.0814356     6.40093e-05       0.0742538     -0.00845674      1.5355e-05         2.66034 
       0.3     7.15472e-06      0.00909027     -0.00374293      -0.0211122    -2.54036e-05     0.000423509     -0.00567109     -0.00815155       0.0255991      -2.831e-05      0.00943214      -0.0218807    -1.67776e-06         1.03202 
       0.4     -0.00043631      -0.0138561     -0.00253566       -0.043252     -0.00012491     -0.00212134      -0.0137813      -0.0500188      -0.0492522    -9.63774e-05      -0.0817494      -0.0369456    -1.68739e-05       -0.752029 
       0.5    -0.000962354       -0.151443     -0.00391091      -0.0681648     -0.00020325     -0.00546747      -0.0182129       -0.063521       -0.125073     -0.00015496       -0.131588      -0.0576209    -2.85392e-05        -2.71225 
       0.6     -0.00195328       -0.165033     -0.00110665       -0.102902    -0.000252413      -0.0076591      -0.0176027       -0.109512       -0.161946    -0.000188049       -0.199366      -0.0859937    -3.95805e-05        -4.87058 
       0.7     -0.00441347       -0.334014     -0.00313246       -0.154892    -0.000270902      -0.0101809       -0.016922        -0.15128       -0.168372    -0.000218278       -0.217057       -0.132902    -4.73056e-05        -7.21669 
       0.8     -0.00729338        -0.29845      0.00640815       -0.211882    -0.000259868       -0.011506      -0.0248765       -0.172973       -0.174029     -0.00020538       -0.253048       -0.223305    -5.30948e-05        -9.75863 
       0.9     -0.00865025       -0.357117     -0.00642106       -0.293462    -0.000218287     -0.00976561     -0.00865516       -0.168777       -0.186613    -0.000182556       -0.284564       -0.251036    -6.09567e-05        -12.5318 

 ***  IVARS(H) - Integrated Variograms: 
         H        factor#1        factor#2        factor#3        -------> 
       0.1     2.66724e-05      0.00544176     0.000865982      0.00514609     6.78334e-06      6.0452e-05      0.00275163     0.000958345     0.000671689     5.45415e-06      0.00300706      0.00323887     1.04188e-06       0.0186441 
       0.3     0.000366309        0.031532      0.00398306       0.0377715     5.83592e-05     0.000791154       0.0116741        0.014449        0.011216     4.68312e-05       0.0312777       0.0330879     8.51531e-06        0.322705 
       0.5      0.00112689       0.0863226      0.00748378       0.0928506     0.000153925      0.00280543       0.0245652       0.0487237       0.0466281     0.000122497       0.0919531       0.0801035     2.29587e-05         1.38861 

 ***  Factor Rankings based on IVARS: 
         H        factor#1        factor#2        factor#3        -------> 
       0.1              11               2               8               3              12              10               6               7               9              13               5               4              14               1 
       0.3              11               4               9               2              12              10               7               6               8              13               5               3              14               1 
       0.5              11               4               9               2              12              10               8               6               7              13               3               5              14               1 

 ***  VARS-TO - Sobol Total-Order Effects calculated through VARS: 
                  factor#1        factor#2        factor#3        -------> 
               0.000595684       0.0433746      0.00297115       0.0361122     6.60183e-05      0.00144432       0.0115106        0.023873       0.0249049     5.21705e-05       0.0417588       0.0339651     9.99608e-06        0.824507 

 ***  Factor Rankings based on VARS-TO: 
                  factor#1        factor#2        factor#3        -------> 
                        11               2               9               4              12              10               8               7               6              13               3               5              14               1 

 ***  VARS-ABE - Morris mean ABsolute Elementary effects across scales: 
   delta x        factor#1        factor#2        factor#3        -------> 
       0.1      0.00726246       0.0849166       0.0334935       0.0530943      0.00509557        0.014835       0.0425396       0.0252917       0.0177763      0.00413037       0.0342782       0.0453351     0.000791246        0.812979 
       0.2       0.0134503        0.101072       0.0461594       0.0806889      0.00972459        0.026716       0.0517516       0.0478236       0.0360674      0.00783262       0.0639702       0.0831483      0.00143091          1.6164 
       0.3       0.0189342        0.126872       0.0555203         0.10313       0.0137908       0.0365377       0.0621822       0.0669069       0.0576237       0.0111903       0.0901429       0.0986463      0.00209776         2.42187 
       0.4       0.0235707        0.144725       0.0590984        0.120372       0.0177925       0.0446505       0.0713622       0.0840381        0.083248        0.014078        0.122439        0.112958      0.00277646         3.21291 
       0.5       0.0285705        0.173396       0.0626583        0.140544       0.0214855       0.0516598       0.0783695       0.0976809        0.107833       0.0168996        0.145904        0.132095      0.00344539         3.98669 
       0.6       0.0337028        0.193505       0.0595204        0.166983       0.0245967       0.0586763       0.0881204        0.116931        0.121509       0.0191229        0.176621        0.157872      0.00416469         4.75283 
       0.7       0.0401815        0.228663       0.0556503        0.209383       0.0267735       0.0657589       0.0979432        0.133457        0.127833        0.021704        0.195205        0.198087      0.00489478          5.5163 
       0.8       0.0456783        0.223533       0.0453148        0.267753       0.0287468       0.0708042        0.108248        0.141254        0.133642       0.0229025        0.228625        0.277888      0.00572364         6.27057 
       0.9       0.0481187        0.278078       0.0477507        0.378988       0.0296417       0.0696007       0.0732634        0.137822        0.139991       0.0246323        0.265167        0.317883      0.00712121         7.04521 

 ***  VARS-ACE - Morris mean ACtual Elementary effects across scales: 
   delta x        factor#1        factor#2        factor#3        -------> 
       0.1      0.00177224      -0.0252234     -0.00182114       0.0357648     0.000486286      0.00143185      0.00376117       -0.011264     -0.00896049      0.00102501      -0.0242059       -0.030548     0.000198162        0.774046 
       0.2       0.0032788      -0.0456732    -5.14633e-05        0.052947     0.000963147      0.00294136       0.0175009      -0.0254772      -0.0200581      0.00192945      -0.0468726      -0.0587713     0.000621646         1.54529 
       0.3      0.00386837      -0.0816605     -0.00585678       0.0676847      0.00110953      0.00509212       0.0229817      -0.0392636       -0.034505        0.002631      -0.0677836      -0.0685985      0.00117289         2.31241 
       0.4      0.00412781       -0.103913      -0.0126096       0.0797633       0.0014052      0.00675276       0.0299033      -0.0503304      -0.0538214      0.00294218      -0.0943682      -0.0814941      0.00169744         3.08579 
       0.5       0.0049802       -0.133651       -0.019926       0.0958539      0.00130871       0.0088107       0.0372823      -0.0578629      -0.0729304      0.00347412       -0.113871      -0.0988813      0.00215057         3.85925 
       0.6      0.00619172       -0.155869      -0.0189144        0.119645       0.0021078       0.0101291        0.044855      -0.0754956      -0.0807322      0.00441327       -0.141552       -0.122241      0.00254616         4.62868 
       0.7       0.0090262       -0.190541      -0.0136658        0.157931      0.00258891       0.0118816        0.053624      -0.0916151      -0.0805117      0.00613899       -0.158162       -0.160063      0.00273674         5.39562 
       0.8       0.0131152       -0.182693    -0.000205853        0.211788      0.00385259       0.0117654       0.0700035       -0.101909      -0.0802325       0.0077178       -0.187491       -0.235085      0.00248658         6.18117 
       0.9       0.0159501       -0.227011      -0.0163902        0.321883      0.00437658       0.0128867       0.0338506       -0.101376      -0.0806444      0.00922506       -0.217854       -0.274932      0.00178346         6.96642 

 ********         Bootstrapping Results        ******** 
 ***  gamma_LL(h) - Lower Limits on Directional Variograms: 
         h        factor#1        factor#2        factor#3        -------> 
       0.1     0.000103507       0.0130608     0.000808031      0.00652165     0.000115533     0.000343325     0.000630091      0.00029533     0.000160378     8.95141e-05      0.00353634       0.0149295     1.13038e-05        0.323036 
       0.2     0.000219639        0.015391      0.00194258      0.00805577     0.000220771     0.000774762      0.00131276     0.000609185     0.000314121     0.000168896      0.00433738       0.0389498     2.00135e-05         1.27985 
       0.3     0.000364856       0.0160324       0.0028162       0.0101244     0.000314249      0.00122986      0.00197675     0.000901428     0.000476241     0.000242735       0.0053178       0.0447508     2.70793e-05         2.87937 
       0.4     0.000506402       0.0167238      0.00291218       0.0117226     0.000402149      0.00162727      0.00266506      0.00120989     0.000667515     0.000302395       0.0063249       0.0516709     3.52361e-05         5.11387 
       0.5     0.000640187       0.0209538      0.00263317       0.0146726     0.000484609      0.00194713      0.00306844      0.00153631     0.000840933     0.000362265      0.00817945       0.0613751     4.34052e-05         7.90887 
       0.6     0.000780064       0.0309381      0.00211834        0.017644     0.000557548      0.00232599      0.00368342      0.00186763       0.0010461     0.000408745       0.0101664       0.0750077     5.28542e-05         11.1528 
       0.7     0.000940658       0.0391043      0.00140224       0.0231173     0.000604549      0.00264203      0.00407638        0.001883      0.00133209     0.000461799       0.0142405       0.0986389      6.3185e-05         14.9763 
       0.8      0.00105064       0.0536158     0.000901329       0.0346631      0.00064105      0.00293752      0.00404352      0.00173732      0.00153119     0.000490488       0.0207348        0.146186      8.0054e-05         19.3281 
       0.9      0.00109165        0.106552     0.000961018       0.0618768     0.000662774       0.0028065      0.00301569      0.00153084      0.00181953     0.000527181       0.0419668        0.170982     0.000101734         24.4277 

 ***  gamma_UL(h) - Upper Limits on Directional Variograms: 
         h        factor#1        factor#2        factor#3        -------> 
       0.1      0.00133253        0.247131       0.0496618        0.202414        0.000154      0.00262332        0.161442       0.0567338       0.0397918     0.000128534        0.131557        0.128412     3.09902e-05        0.450688 
       0.2      0.00446376        0.230766       0.0350018         0.31294     0.000302426      0.00791542       0.0993161        0.188773        0.144552     0.000249924        0.313507        0.338778     5.52512e-05         1.48059 
       0.3      0.00766755        0.425413       0.0429187        0.463252     0.000428655       0.0162383        0.139399        0.368289        0.299068      0.00036082         0.49155        0.398116     8.29073e-05         3.13835 
       0.4      0.00980016        0.538986       0.0402514        0.560316     0.000556793       0.0246871        0.173512        0.536734        0.512807     0.000458683        0.744581        0.468915     0.000112885          5.2798 
       0.5       0.0124687         0.95782       0.0495982        0.681663     0.000677879       0.0367532        0.201074        0.600374        0.788692     0.000550745        0.922212          0.5675      0.00014035         8.01339 
       0.6       0.0172098         1.06479       0.0495114        0.853494     0.000771905       0.0468017         0.22196        0.773413        0.971859     0.000625092         1.17508        0.715112     0.000169327         11.5146 
       0.7       0.0283542         1.68142         0.06376         1.13405     0.000835059       0.0601666        0.268932         1.02071         1.00755     0.000708251         1.22912        0.958362      0.00019345         15.6754 
       0.8       0.0432281         1.54524        0.039261         1.55001     0.000893133       0.0714135        0.393758         1.20798          1.0394     0.000739743         1.35468         1.43684     0.000221005         20.4226 
       0.9       0.0511815         2.24561          0.0492         2.28206     0.000940565       0.0698809       0.0795349         1.18345         1.11018     0.000804297         1.54122         1.70016     0.000278912         25.9013 

 ***  IVARS_LL(H) - Lower Limits on Integrated Variograms: 
         H        factor#1        factor#2        factor#3        -------> 
       0.1     5.17536e-06     0.000653042     4.04015e-05     0.000326083     5.77663e-06     1.71663e-05     3.15045e-05     1.47665e-05     8.01891e-06      4.4757e-06     0.000176817     0.000746475     5.65189e-07       0.0161518 
       0.3     5.10257e-05      0.00364766      0.00041685      0.00196555     4.97802e-05     0.000176188     0.000292967     0.000135259     7.14754e-05     3.80673e-05      0.00105499      0.00761752     4.59069e-06        0.304321 
       0.5     0.000151915      0.00715305     0.000996221      0.00437095     0.000130044       0.0004957     0.000818325     0.000381395     0.000207237     9.93277e-05      0.00236303       0.0180906     1.16188e-05         1.35894 

 ***  IVARS_UL(H) - Upper Limits on Integrated Variograms: 
         H        factor#1        factor#2        factor#3        -------> 
       0.1     6.66265e-05       0.0123565      0.00248309       0.0101207     7.69999e-06     0.000131166      0.00807209      0.00283669      0.00198959     6.42671e-06      0.00657787      0.00642058     1.54951e-06       0.0225344 
       0.3     0.000963285       0.0688224       0.0106165       0.0736101      6.6613e-05      0.00186459       0.0330447       0.0429626        0.033388     5.57248e-05       0.0682943       0.0664204      1.2742e-05        0.350013 
       0.5      0.00294974        0.192557       0.0192735        0.184784     0.000177169      0.00698621       0.0674196        0.145061        0.139055     0.000146225        0.214096        0.161503     3.52074e-05         1.43248 

 ***  VARS-TO_LL - Lower Limits on Sobol Total-Order Effects calculated through VARS: 
                  factor#1        factor#2        factor#3        -------> 
               6.95872e-05      0.00237956      0.00034426      0.00148659     5.58089e-05     0.000214953     0.000349611     0.000167159     9.58755e-05       4.195e-05     0.000819782      0.00751919     4.84407e-06        0.818007 

 ***  VARS-TO_UL - Lower Limits on Sobol Total-Order Effects calculated through VARS: 
                  factor#1        factor#2        factor#3        -------> 
                0.00157764       0.0952531      0.00784462       0.0762637     7.62466e-05      0.00373515        0.031645       0.0711514       0.0743012     6.26477e-05        0.100803        0.069042     1.55679e-05        0.831501 

 ***  Reliability Estimates of Factor Rankings based on IVARS: 
         H        factor#1        factor#2        factor#3        -------> 
       0.1             0.8           0.458            0.41           0.165           0.784           0.648           0.185           0.395           0.428           0.911           0.157           0.347               1           0.995 
       0.3           0.863           0.233            0.41           0.393           0.876           0.646           0.292           0.375           0.327           0.952           0.186            0.31               1               1 
       0.5            0.89           0.166           0.417           0.297           0.929           0.656           0.378           0.303           0.347           0.967           0.227           0.157               1               1 

 ***  Reliability Estimates of Factor Rankings based on VARS-TO: 
                  factor#1        factor#2        factor#3        -------> 
                     0.895           0.392           0.417           0.161           0.937           0.497           0.378           0.267           0.254           0.966           0.201           0.136               1               1 

 ***  Factor Grouping based on VARS-TO & IVARS50: 
                  factor#1        factor#2        factor#3        -------> 
 VARS-TO              4               5               4               5               3               4               5               1               1               3               5               5               3               2 
 IVARS50              2               3               1               3               2               2               3               1               1               2               3               3               2               3 

 ***  Reliability Estimates of Rankings based on Factor Grouping: 
                  factor#1        factor#2        factor#3        -------> 
 VARS-TO          0.964           0.758           0.417           0.823           0.963           0.709            0.59           0.397           0.296           0.999           0.887           0.724               1               1 
 IVARS50              1               1           0.837            0.97               1           0.648           0.667           0.732           0.674               1           0.952           0.996               1               1 
