 -------- Variogram Analysis of Response Surfaces (VARS) Output File -------- 
 VARS settings: 
 Target Number of Stars = 100 
 Current Number of Stars = 60 
 minimum h = 0.1 
 Bootstrap Size = 1000 
 Bootstrap Confidence Level = 0.9 

 ***  gamma(h) - Directional Variograms: 
         h        factor#1        factor#2        factor#3        -------> 
       0.1     0.000689264        0.144882       0.0229595        0.137038     0.000142821       0.0015452       0.0732252       0.0254917       0.0178668     0.000104779       0.0801282       0.0817922     2.41666e-05        0.389387 
       0.2      0.00219303        0.147034       0.0181662         0.21545     0.000273239      0.00441266       0.0477021       0.0845359       0.0646835     0.000203565        0.194061        0.218101     4.53407e-05         1.38797 
       0.3      0.00378046        0.255221       0.0230354        0.300936     0.000387027      0.00865875       0.0684728        0.164727        0.133657     0.000302147        0.285186        0.255117     6.80381e-05         3.01686 
       0.4      0.00490402        0.324471       0.0218389        0.362984      0.00050658        0.012853       0.0865732        0.239983        0.229057     0.000392371        0.411567        0.300414     9.11449e-05         5.20142 
       0.5      0.00626716        0.554717       0.0255322        0.440151     0.000610752       0.0186442        0.101136        0.268546        0.352042     0.000476633        0.508897        0.363052     0.000112817         7.94722 
       0.6        0.008623        0.643114       0.0245719        0.552413     0.000692154       0.0235369        0.113185         0.34573         0.43406     0.000542838        0.645589        0.454286     0.000136717         11.2922 
       0.7       0.0137782        0.997868       0.0299113        0.734323     0.000741704       0.0299351        0.136526        0.455651         0.45067      0.00062235        0.706204        0.605779     0.000158756         15.2334 
       0.8       0.0205645        0.940319       0.0185464         1.02643     0.000775425       0.0354405         0.19799        0.538692        0.465615      0.00066944         0.83274        0.907627     0.000181363         19.7395 
       0.9       0.0242281         1.21495       0.0230276         1.56131     0.000786657       0.0352113       0.0406567         0.52755         0.49841     0.000725702         1.02562         1.06623       0.0002175         24.9324 

 ***  COV(h) - Directional Covariograms: 
         h        factor#1        factor#2        factor#3        -------> 
       0.1         4.83882         4.97255         4.72541         4.43368         4.85001         4.87837         4.70055         4.68256         4.59534          4.8517          4.5149         4.50095         4.85907         4.43162 
       0.2         4.84052         4.99786         4.75389          4.3405          4.8505         4.87996         4.71143         4.62581         4.54706         4.85106         4.40598         4.34177         4.85874         3.00385 
       0.3         4.83942         4.87305         4.74392         4.26704         4.85027         4.87671         4.68664           4.557         4.47511         4.85075         4.30521         4.31926         4.85897         1.32979 
       0.4         4.83741         4.81742         4.73708         4.22519         4.85025         4.86759         4.67459         4.49543         4.37668         4.85076         4.16411         4.29242         4.85927        -0.42524 
       0.5         4.83122          4.6235         4.72389         4.17332         4.84899         4.85517         4.67324         4.43594         4.26574         4.85075         4.08997         4.25485         4.85921        -2.27426 
       0.6         4.82163         4.58959         4.71062         4.09901         4.84718         4.84032           4.681         4.31236         4.20179         4.85078         3.98805         4.20122         4.85913        -4.27402 
       0.7         4.81038          4.2969         4.67861          3.9853         4.84641          4.8169          4.6828          4.2086         4.18816         4.85101         3.91241         4.11368         4.85983        -6.46568 
       0.8         4.79603         4.37121         4.64036         3.81713         4.84415         4.79613         4.63734         4.14232         4.17633          4.8504         3.76142         3.94238         4.86128        -8.94193 
       0.9         4.79504         4.51032         4.73589         3.43693         4.84384         4.78364         4.73911         4.14478         4.16061         4.84528         3.60777         3.86804         4.86115        -11.5918 

 ***  ECOV(h) - Directional Expected Covariograms: 
         h        factor#1        factor#2        factor#3        -------> 
       0.1       0.0034987        0.165226     -0.00189285        0.121134     0.000227268        0.008664      0.00896819        0.145242        0.160312     0.000184213         0.21864        0.155934     4.38421e-05         4.03464 
       0.2      0.00138966        0.158626     0.000567658       0.0352382     8.71707e-05      0.00479903      0.00720519       0.0683192        0.108564      7.8014e-05       0.0989765       -0.011673      2.0636e-05         2.63762 
       0.3     1.72059e-05       0.0122325     -0.00493412      -0.0280911    -2.41131e-05     0.000583976     -0.00751375      -0.0108664       0.0341386    -2.36421e-05       0.0125999      -0.0287384      -1.958e-06         1.00152 
       0.4    -0.000550941      -0.0183137     -0.00330231      -0.0575757     -0.00013499     -0.00278438      -0.0183084      -0.0666665      -0.0656359    -0.000102347       -0.108945      -0.0482864    -2.20646e-05        -0.77208 
       0.5     -0.00122407        -0.20174     -0.00513126      -0.0907717    -0.000218652     -0.00724012      -0.0242554      -0.0846211       -0.166715    -0.000166094       -0.175379      -0.0750422    -3.74012e-05         -2.7082 
       0.6     -0.00254491        -0.21991     -0.00137431       -0.137078    -0.000269292      -0.0101297      -0.0233809       -0.145892       -0.215876    -0.000201527       -0.265728       -0.112454    -5.17975e-05        -4.83862 
       0.7     -0.00582908        -0.44534     -0.00414439       -0.206365    -0.000281506      -0.0134878      -0.0224952       -0.201577       -0.224439    -0.000237065       -0.289311       -0.173965     -6.1555e-05        -7.14619 
       0.8     -0.00967982       -0.398073      0.00852327       -0.282291    -0.000256566      -0.0152669      -0.0332163        -0.23049       -0.231976    -0.000243064       -0.337301       -0.293294    -6.81889e-05        -9.64673 
       0.9       -0.011489       -0.476154     -0.00861765       -0.391065    -0.000196469      -0.0130534      -0.0115918       -0.224902       -0.248759    -0.000221242       -0.379356       -0.325674    -7.54162e-05        -12.3585 

 ***  IVARS(H) - Integrated Variograms: 
         H        factor#1        factor#2        factor#3        -------> 
       0.1     3.44632e-05      0.00724408      0.00114798      0.00685189     7.14106e-06     7.72602e-05      0.00366126      0.00127458     0.000893341     5.23894e-06      0.00400641      0.00408961     1.20833e-06       0.0194694 
       0.3     0.000477252       0.0419526      0.00526434       0.0502956     6.09574e-05      0.00102872       0.0155164       0.0192391       0.0149379     4.59418e-05       0.0416782       0.0427452     1.03526e-05        0.328579 
       0.5      0.00147004        0.114897      0.00987661        0.123648     0.000161504      0.00367918       0.0326541        0.064901       0.0621285     0.000124118        0.122539        0.103695     2.85099e-05         1.39693 

 ***  Factor Rankings based on IVARS: 
         H        factor#1        factor#2        factor#3        -------> 
       0.1              11               2               8               3              12              10               6               7               9              13               5               4              14               1 
       0.3              11               4               9               2              12              10               7               6               8              13               5               3              14               1 
       0.5              11               4               9               2              12              10               8               6               7              13               3               5              14               1 

 ***  VARS-TO - Sobol Total-Order Effects calculated through VARS: 
                  factor#1        factor#2        factor#3        -------> 
               0.000864854         0.06404      0.00435046       0.0533149     7.64269e-05      0.00210829       0.0169737        0.035258       0.0367956     5.96795e-05       0.0616985       0.0490927     1.40444e-05        0.913602 

 ***  Factor Rankings based on VARS-TO: 
                  factor#1        factor#2        factor#3        -------> 
                        11               2               9               4              12              10               8               7               6              13               3               5              14               1 

 ***  VARS-ABE - Morris mean ABsolute Elementary effects across scales: 
   delta x        factor#1        factor#2        factor#3        -------> 
       0.1      0.00888478        0.105903       0.0398579       0.0651358      0.00534231       0.0173203       0.0512651       0.0312665       0.0220365      0.00395903       0.0434128         0.05122     0.000939254        0.816362 
       0.2       0.0161372        0.124205       0.0545603       0.0996357       0.0100931       0.0312679       0.0613385       0.0593133       0.0453934      0.00764941       0.0810051       0.0985472      0.00177767          1.6213 
       0.3       0.0223145        0.157875        0.065994         0.12755       0.0143149       0.0431028       0.0744052       0.0838665       0.0731423       0.0112972        0.114045        0.116395      0.00264821         2.42816 
       0.4       0.0275731        0.181878       0.0705081         0.14975       0.0187721       0.0528386       0.0865493        0.105642          0.1061       0.0146594        0.155874        0.134385      0.00352834         3.21607 
       0.5       0.0330982         0.21979       0.0754632        0.175183       0.0226641       0.0616786       0.0974501        0.121995        0.138369       0.0177845        0.186102        0.158289      0.00438552         3.98067 
       0.6       0.0396761        0.246674       0.0701718        0.210266       0.0257855       0.0704226        0.108569        0.145774        0.156633       0.0202562        0.226234        0.190238      0.00529251         4.73541 
       0.7        0.048125        0.295016       0.0657681         0.26651       0.0277687       0.0794469        0.122602        0.167139        0.164459       0.0233551        0.250902        0.240396      0.00617915         5.48607 
       0.8       0.0558013        0.290723       0.0532795        0.342888       0.0291982       0.0863775        0.139676        0.176637        0.171338       0.0252567        0.294925        0.337972      0.00711069         6.22516 
       0.9       0.0590551        0.361362       0.0561571        0.489926       0.0295118       0.0871191       0.0941724        0.170398         0.18051       0.0271843        0.343674        0.369911      0.00845328         6.98512 

 ***  VARS-ACE - Morris mean ACtual Elementary effects across scales: 
   delta x        factor#1        factor#2        factor#3        -------> 
       0.1      0.00292999      -0.0336853      -0.0028666        0.047656    -6.07931e-06      0.00216634      0.00523025      -0.0142099      -0.0121723      0.00117518      -0.0322643      -0.0370215     0.000379957        0.764451 
       0.2      0.00564751      -0.0609831     -0.00073097       0.0705527     3.15657e-05      0.00440581       0.0236707      -0.0323922      -0.0272184      0.00242582      -0.0624092      -0.0745315      0.00095907         1.52649 
       0.3      0.00749369       -0.109142     -0.00892827        0.089718    -0.000179473      0.00754857       0.0312089      -0.0501311      -0.0465941       0.0031749      -0.0904648      -0.0869026      0.00171266         2.28221 
       0.4      0.00866382       -0.139858      -0.0183097        0.106189    -0.000492775       0.0101295       0.0411551      -0.0642466      -0.0723845      0.00365004       -0.126788       -0.102916      0.00243687         3.04658 
       0.5       0.0108027       -0.180153      -0.0282359        0.128133     -0.00113636       0.0130986       0.0511395       -0.073579      -0.0983058       0.0044899       -0.152985       -0.124233      0.00307576         3.81075 
       0.6       0.0129957       -0.209788      -0.0274645        0.159283    -0.000739162       0.0151943       0.0617327      -0.0963699       -0.108577      0.00547506       -0.190183       -0.154374       0.0036553         4.56987 
       0.7       0.0174853       -0.254665      -0.0208326        0.209342    -0.000418771       0.0176133       0.0728209       -0.116973        -0.10872      0.00740811       -0.211084       -0.202773      0.00399621         5.32515 
       0.8         0.02259       -0.243932     -0.00292388        0.282211     0.000126263       0.0176233       0.0946827       -0.129569       -0.108874      0.00970328       -0.249637       -0.298126      0.00383628         6.10596 
       0.9       0.0263699       -0.303167      -0.0257994        0.428904    -5.47138e-05       0.0194971       0.0470722       -0.127889        -0.10955       0.0105766       -0.290379       -0.333194      0.00341961         6.88006 

 ********         Bootstrapping Results        ******** 
 ***  gamma_LL(h) - Lower Limits on Directional Variograms: 
         h        factor#1        factor#2        factor#3        -------> 
       0.1     0.000116137       0.0171437     0.000936284       0.0249851     0.000119148     0.000375073     0.000652484     0.000326188     0.000171248     8.57635e-05     0.000357952      0.00127184     1.28249e-05        0.322724 
       0.2     0.000240411       0.0200421      0.00239789       0.0516684     0.000225669     0.000863803      0.00145184     0.000698498     0.000341647     0.000162667     0.000732593      0.00160361      2.4266e-05          1.2788 
       0.3     0.000398007        0.020957      0.00345376       0.0538732     0.000320769      0.00145361      0.00219209      0.00110013     0.000523483     0.000240226      0.00112828      0.00215092     3.35973e-05         2.87661 
       0.4     0.000534644       0.0218837        0.003593       0.0633409     0.000419333      0.00196857      0.00297047      0.00147341     0.000696253      0.00030839       0.0017088       0.0026607     4.26691e-05         5.10496 
       0.5     0.000681584       0.0274373      0.00315913       0.0750365     0.000504575      0.00235577      0.00361618      0.00181479     0.000903825     0.000373327      0.00230652      0.00310653     5.27223e-05         7.86368 
       0.6     0.000867888       0.0407623      0.00234539       0.0948333     0.000567372      0.00280854      0.00436269      0.00214273      0.00115949      0.00042969      0.00298444      0.00331545     6.40036e-05         11.0016 
       0.7      0.00103462       0.0517214      0.00158884        0.125621     0.000613387      0.00319779      0.00483049      0.00220259      0.00148026     0.000493939      0.00389632      0.00390665     7.83937e-05         14.7231 
       0.8      0.00116453       0.0713839     0.000951443        0.189199      0.00063578      0.00363162      0.00496224      0.00198768      0.00171001      0.00053553      0.00451376       0.0053399     9.70639e-05         18.9386 
       0.9      0.00127638        0.141368     0.000957651        0.371254     0.000630675      0.00346769       0.0037752      0.00166678      0.00202043     0.000568487      0.00455004      0.00745029     0.000115424         23.8962 

 ***  gamma_UL(h) - Upper Limits on Directional Variograms: 
         h        factor#1        factor#2        factor#3        -------> 
       0.1      0.00176035        0.330198       0.0662263        0.286268     0.000167993      0.00355601        0.215158       0.0756161       0.0530444     0.000125733        0.179841        0.167078     3.69303e-05        0.482583 
       0.2      0.00591963        0.317749       0.0469002        0.435164     0.000325465       0.0107361        0.132422          0.2517        0.192727     0.000250078        0.443971        0.445639     6.98314e-05         1.52801 
       0.3       0.0101806        0.565768       0.0577966        0.644122     0.000459528       0.0218027        0.185975        0.491123        0.398764     0.000373806        0.656163        0.523325     0.000108429         3.20184 
       0.4       0.0130199        0.736239       0.0539944        0.783102     0.000605885       0.0330725        0.231057        0.715756         0.68379     0.000485491        0.999393        0.619809      0.00014863         5.32056 
       0.5       0.0166045         1.27818       0.0667721        0.953874     0.000736226       0.0491934        0.267825        0.800702         1.05167     0.000590726         1.23816        0.753964     0.000183629         8.00896 
       0.6       0.0229307         1.47255       0.0662535           1.195     0.000824616       0.0625746        0.295468         1.03126           1.296     0.000666024         1.57761        0.952981     0.000222945         11.5115 
       0.7       0.0377962         2.28782        0.085223         1.58815     0.000882305       0.0804796         0.35843         1.36068         1.34372     0.000749743         1.63913         1.26839        0.000253         15.6728 
       0.8       0.0576536         2.09914       0.0525288         2.17095     0.000922233       0.0954359        0.525218         1.61024         1.38621      0.00080299         1.94101         1.89877     0.000279326         20.3953 
       0.9        0.068325         2.95708       0.0658229         3.18112     0.000939974         0.09397        0.107849         1.57748         1.48086     0.000873928         2.42143         2.23848     0.000332372         25.8568 

 ***  IVARS_LL(H) - Lower Limits on Integrated Variograms: 
         H        factor#1        factor#2        factor#3        -------> 
       0.1     5.80685e-06     0.000857185     4.68142e-05      0.00124925     5.95741e-06     1.87537e-05     3.26242e-05     1.63094e-05     8.56241e-06     4.28818e-06     1.78976e-05     6.35918e-05     6.41245e-07       0.0161362 
       0.3     5.56143e-05      0.00476643     0.000505354       0.0125822     5.07403e-05     0.000195612     0.000320197     0.000158889     7.73619e-05     3.71152e-05       0.0001638     0.000389164      5.5698e-06        0.304077 
       0.5     0.000160333      0.00937452      0.00119741       0.0253618     0.000134987     0.000592964     0.000903659     0.000453909     0.000217739     9.91088e-05     0.000498826     0.000891563     1.42337e-05         1.35668 

 ***  IVARS_UL(H) - Upper Limits on Integrated Variograms: 
         H        factor#1        factor#2        factor#3        -------> 
       0.1     8.80177e-05       0.0165099      0.00331131       0.0143134     8.39966e-06     0.000177801       0.0107579       0.0037808      0.00265222     6.28663e-06      0.00899203      0.00835391     1.84651e-06       0.0241292 
       0.3      0.00127605       0.0914168        0.014204        0.100556     7.20157e-05      0.00252079       0.0440561       0.0572851       0.0445154     5.61485e-05       0.0962522       0.0872246     1.60111e-05        0.360174 
       0.5      0.00391707         0.25646       0.0257917        0.257979     0.000190265       0.0093542       0.0899232        0.193444        0.185417     0.000151806         0.28563        0.212446     4.51269e-05         1.45287 

 ***  VARS-TO_LL - Lower Limits on Sobol Total-Order Effects calculated through VARS: 
                  factor#1        factor#2        factor#3        -------> 
               8.45111e-05      0.00345674     0.000454596      0.00890044     6.33997e-05     0.000281947     0.000437884     0.000215173     0.000114071     4.73314e-05     0.000275852     0.000365194     6.54586e-06        0.903337 

 ***  VARS-TO_UL - Lower Limits on Sobol Total-Order Effects calculated through VARS: 
                  factor#1        factor#2        factor#3        -------> 
                0.00232504        0.146642       0.0116478        0.118862     9.08088e-05      0.00553539       0.0467351        0.105187        0.109844     7.32494e-05        0.149944        0.101425      2.2689e-05        0.923391 

 ***  Reliability Estimates of Factor Rankings based on IVARS: 
         H        factor#1        factor#2        factor#3        -------> 
       0.1           0.836           0.401           0.365           0.163           0.845           0.608           0.148           0.349           0.393           0.968           0.118           0.298               1           0.965 
       0.3            0.87           0.234           0.365           0.451           0.912           0.612            0.24            0.32           0.286           0.971           0.152           0.341               1               1 
       0.5           0.867           0.168           0.373           0.347            0.92           0.613           0.349           0.274           0.312           0.966           0.244           0.173               1               1 

 ***  Reliability Estimates of Factor Rankings based on VARS-TO: 
                  factor#1        factor#2        factor#3        -------> 
                     0.883           0.393           0.374           0.166           0.935           0.432           0.359           0.237           0.231           0.957           0.208           0.144               1               1 

 ***  Factor Grouping based on VARS-TO & IVARS50: 
                  factor#1        factor#2        factor#3        -------> 
 VARS-TO              4               5               4               5               3               4               5               1               1               3               5               5               3               2 
 IVARS50              2               3               1               3               2               2               3               1               1               2               3               3               2               3 

 ***  Reliability Estimates of Rankings based on Factor Grouping: 
                  factor#1        factor#2        factor#3        -------> 
 VARS-TO          0.965           0.756           0.374           0.838           0.962           0.662           0.589           0.358           0.268           0.998           0.857           0.698               1               1 
 IVARS50              1               1           0.821           0.977               1           0.608           0.656           0.727            0.64               1           0.944           0.988               1               1 
