 -------- Variogram Analysis of Response Surfaces (VARS) Output File -------- 
 VARS settings: 
 Target Number of Stars = 100 
 Current Number of Stars = 50 
 minimum h = 0.1 
 Bootstrap Size = 1000 
 Bootstrap Confidence Level = 0.9 

 ***  gamma(h) - Directional Variograms: 
         h        factor#1        factor#2        factor#3        -------> 
       0.1     0.000154562        0.133636      0.00149643        0.135036     0.000144476     0.000609132       0.0859608     0.000454912     0.000308692     0.000107158       0.0389874       0.0582536     2.62222e-05        0.386789 
       0.2     0.000332352       0.0967406      0.00427089        0.153489     0.000276715       0.0014356        0.052799      0.00102827     0.000751172     0.000215372        0.104814        0.152033     5.12839e-05         1.37571 
       0.3     0.000591095        0.208822      0.00640714        0.171361     0.000382067      0.00234379       0.0735386      0.00168724      0.00125501     0.000320388        0.120033        0.175691     7.80743e-05         3.00293 
       0.4     0.000860757        0.252955      0.00657445        0.203711     0.000490449      0.00306041         0.09106      0.00231686      0.00193472      0.00041746        0.140877        0.205979     0.000105207         5.18861 
       0.5      0.00112684        0.469481      0.00563356        0.244978     0.000584152      0.00372587        0.105479      0.00286325      0.00254373     0.000507897        0.172657        0.247498     0.000130381         7.98761 
       0.6      0.00146407        0.492285      0.00413666        0.309058     0.000654413      0.00439266        0.116087      0.00342356      0.00356322     0.000571328        0.214939        0.306605     0.000157811         11.4148 
       0.7      0.00173911        0.780671      0.00258857        0.411352     0.000697858      0.00502692        0.140769      0.00358627      0.00480877     0.000648382        0.286954        0.406541     0.000182173         15.4156 
       0.8      0.00205967        0.716146      0.00183937        0.615586     0.000725823      0.00586473        0.204351      0.00327175      0.00618465     0.000687703        0.430537        0.609473     0.000205135         19.9915 
       0.9      0.00230853         1.23998      0.00189533         1.22138       0.0007518      0.00650974      0.00814928      0.00295718      0.00836781     0.000703654        0.652523        0.709286        0.000236         25.2273 

 ***  COV(h) - Directional Covariograms: 
         h        factor#1        factor#2        factor#3        -------> 
       0.1         4.52835         4.58772         4.51227         4.42648         4.51367         4.52949         4.49315         4.52669         4.50129         4.51329         4.46532         4.56465         4.52359         4.52046 
       0.2         4.52845         4.64684         4.51469         4.41156         4.51373         4.52846         4.50788         4.52675         4.50266         4.51286         4.41131         4.44802         4.52319         3.10369 
       0.3          4.5281         4.49517         4.51464         4.39894         4.51274          4.5276         4.49158         4.52688         4.50325         4.51309           4.394         4.43726          4.5234         1.43372 
       0.4         4.52726         4.46597         4.51077         4.37826         4.51297         4.52846         4.47673         4.52481         4.50045         4.51302         4.36984         4.42398         4.52375       -0.308022 
       0.5          4.5274         4.29562         4.50492          4.3522         4.51294         4.52761         4.46507         4.52247         4.49621         4.51315         4.33233         4.40283         4.52365          -2.228 
       0.6         4.52768         4.34208         4.49623         4.31094         4.51296         4.52665         4.45861         4.51922         4.48975         4.51342         4.28146         4.37428         4.52352        -4.33663 
       0.7         4.52641         4.12702         4.48347         4.24854         4.51377         4.52956         4.44245          4.5142         4.48052          4.5136         4.19693           4.331         4.52431        -6.56905 
       0.8         4.52546         4.13504         4.47507          4.1101         4.51085          4.5312         4.40567         4.51231         4.47394         4.51531         4.02992         4.24196         4.52576        -9.11101 
       0.9          4.5265         3.91878         4.47977         3.69677         4.51015         4.53595         4.48535         4.50606         4.46477         4.51532         3.85863         4.18791         4.52505        -11.7964 

 ***  ECOV(h) - Directional Expected Covariograms: 
         h        factor#1        factor#2        factor#3        -------> 
       0.1       0.0004935        0.101293      0.00236732    -0.000861902      0.00021009      0.00149044      0.00358476      0.00116139      0.00119789     0.000200802       0.0628913        0.104687     5.26661e-05         4.06122 
       0.2     0.000276023        0.151185    -0.000250642     -0.00631837     7.07923e-05     0.000608051      0.00446121     0.000528589     0.000660327     8.35543e-05     -0.00603228      -0.0108054     2.48882e-05         2.66499 
       0.3     1.65238e-05        0.010366      -0.0022074     -0.00715587    -3.06947e-05    -0.000254705      -0.0092706    -0.000158642     0.000178701    -2.53303e-05      -0.0115871      -0.0210064    -2.13531e-06         1.02689 
       0.4    -0.000213486     -0.00177626     -0.00251983      -0.0160831    -0.000130123    -0.000853302      -0.0188166    -0.000715767    -0.000350189    -0.000111421      -0.0195764      -0.0338393    -2.61441e-05       -0.745531 
       0.5    -0.000397084       -0.183742     -0.00183384      -0.0247229     -0.00020482     -0.00130076      -0.0237173     -0.00113721    -0.000717409    -0.000182219      -0.0332096      -0.0511378    -4.43815e-05        -2.71375 
       0.6    -0.000610587       -0.154704    -0.000719303      -0.0398615    -0.000246572     -0.00164052      -0.0200482     -0.00151009     -0.00137421    -0.000216192      -0.0482699      -0.0739126    -6.14069e-05        -4.89475 
       0.7    -0.000724369       -0.339646     0.000277755      -0.0603131    -0.000253287     -0.00181774      -0.0181901     -0.00139952     -0.00206638    -0.000251259      -0.0751692       -0.112937    -7.26994e-05        -7.23897 
       0.8    -0.000844396       -0.279154      0.00107824       -0.102994    -0.000219192     -0.00191373      -0.0245854    -0.000868961     -0.00269905    -0.000255021       -0.128424       -0.192582    -7.98266e-05        -9.78496 
       0.9    -0.000843543       -0.496943      0.00132813       -0.226394    -0.000149576     -0.00115474      0.00355454    -0.000243414     -0.00366387    -0.000218521       -0.174952       -0.212147    -8.59995e-05        -12.5207 

 ***  IVARS(H) - Integrated Variograms: 
         H        factor#1        factor#2        factor#3        -------> 
       0.1     7.72812e-06      0.00668178     7.48215e-05      0.00675179     7.22378e-06     3.04566e-05      0.00429804     2.27456e-05     1.54346e-05     5.35791e-06      0.00194937      0.00291268     1.31111e-06       0.0193394 
       0.3     7.82462e-05       0.0334787     0.000897089       0.0374205     6.12224e-05     0.000321663       0.0175529      0.00023268     0.000168737     4.82725e-05       0.0203818       0.0298133     1.16543e-05        0.326396 
       0.5     0.000250219       0.0926894      0.00215657       0.0786086     0.000158578     0.000931187       0.0356098      0.00069189     0.000552146     0.000131433       0.0491041       0.0715706     3.25978e-05         1.39478 

 ***  Factor Rankings based on IVARS: 
         H        factor#1        factor#2        factor#3        -------> 
       0.1              11               3               7               2              12               8               4               9              10              13               6               5              14               1 
       0.3              11               3               7               2              12               8               6               9              10              13               5               4              14               1 
       0.5              11               2               7               3              12               8               6               9              10              13               5               4              14               1 

 ***  VARS-TO - Sobol Total-Order Effects calculated through VARS: 
                  factor#1        factor#2        factor#3        -------> 
               0.000139186       0.0504562     0.000829828       0.0288169     7.61512e-05     0.000450933        0.019232     0.000347137     0.000323574     6.61416e-05       0.0218808       0.0349953     1.69431e-05        0.955313 

 ***  Factor Rankings based on VARS-TO: 
                  factor#1        factor#2        factor#3        -------> 
                        11               2               7               4              12               8               6               9              10              13               5               3              14               1 

 ***  VARS-ABE - Morris mean ABsolute Elementary effects across scales: 
   delta x        factor#1        factor#2        factor#3        -------> 
       0.1      0.00538749       0.0961306       0.0237113       0.0560797      0.00543855       0.0137548       0.0514921       0.0124307      0.00835606      0.00411195        0.033046       0.0423591      0.00101599        0.817205 
       0.2      0.00939931       0.0983852        0.040958       0.0728996       0.0102992       0.0237194       0.0579018        0.021798       0.0162528      0.00817929       0.0558589       0.0800934      0.00200821         1.62057 
       0.3       0.0134798        0.130999       0.0504672         0.08654        0.014285       0.0317392        0.070517       0.0299895       0.0234845       0.0120924       0.0682821       0.0946298      0.00303499         2.42558 
       0.4       0.0170619        0.147412       0.0534655        0.100261       0.0184015       0.0383527       0.0806098        0.036577       0.0296111       0.0157163       0.0820955         0.10811      0.00406734         3.21304 
       0.5       0.0202369        0.177982       0.0524273        0.115136        0.021997       0.0424722       0.0881909       0.0431707       0.0348919       0.0190914       0.0970556        0.127064      0.00506263         3.99357 
       0.6       0.0235726        0.193303       0.0460316        0.136271       0.0247551       0.0487323        0.097089        0.049214       0.0413965       0.0214949          0.1153        0.151181      0.00610101         4.77236 
       0.7       0.0267222        0.226708       0.0384773        0.170821       0.0265724       0.0528998        0.108902       0.0506507        0.048016       0.0246094        0.144416         0.18854      0.00708165         5.53523 
       0.8        0.029529        0.224503       0.0333977        0.234396       0.0277879       0.0569129        0.123766       0.0471035       0.0537285       0.0263081        0.195771        0.262775      0.00803283          6.2887 
       0.9       0.0307551         0.33117       0.0300631        0.402106       0.0286641       0.0585707       0.0677172       0.0434773       0.0586793       0.0268712        0.252965        0.287171      0.00914394         7.05972 

 ***  VARS-ACE - Morris mean ACtual Elementary effects across scales: 
   delta x        factor#1        factor#2        factor#3        -------> 
       0.1     0.000503648      -0.0306485     0.000238215       0.0380544     -3.5073e-05     -0.00134175      0.00237991     0.000559203      0.00266358      0.00132688      -0.0219888        -0.02779     0.000567059        0.775961 
       0.2     0.000668876      -0.0446788     -0.00127052       0.0429306     0.000100379     -0.00352304       0.0209018     0.000879419      0.00468213      0.00284848      -0.0373008      -0.0551149      0.00127588         1.55267 
       0.3     0.000980519      -0.0803295     -0.00519805       0.0473402    -0.000322511     -0.00470022       0.0274434      0.00145779      0.00701623      0.00377417       -0.044272      -0.0635966      0.00219805         2.32449 
       0.4      0.00120412        -0.10385       -0.011096       0.0555888       -0.001133     -0.00586111       0.0358127      0.00293645      0.00918098      0.00417172      -0.0525164      -0.0753463      0.00309091         3.11229 
       0.5      0.00168232       -0.138006      -0.0173323       0.0665535     -0.00226364     -0.00747929       0.0434293       0.0040798       0.0111838      0.00513788      -0.0636485      -0.0912959      0.00389091         3.89284 
       0.6      0.00180619       -0.155775      -0.0166439       0.0833832     -0.00169949     -0.00879167       0.0537191      0.00440467       0.0137715      0.00625758      -0.0787746       -0.113019      0.00463636         4.66844 
       0.7      0.00228788       -0.187435      -0.0121288         0.11046    -0.000752525      -0.0109672       0.0640345      0.00340152       0.0163712       0.0088064       -0.103301       -0.148392      0.00512879         5.42381 
       0.8      0.00267551       -0.178715     -0.00508207        0.171722     0.000401515      -0.0140922       0.0836073      0.00351768       0.0187285       0.0113939       -0.149203       -0.220459      0.00510354         6.21066 
       0.9      0.00453283       -0.275837      0.00214394         0.34249    -0.000315657      -0.0120758       0.0214192      0.00503283       0.0239722       0.0119419       -0.197899        -0.25011      0.00510354         6.98365 

 ********         Bootstrapping Results        ******** 
 ***  gamma_LL(h) - Lower Limits on Directional Variograms: 
         h        factor#1        factor#2        factor#3        -------> 
       0.1     9.58577e-05      0.00214782     0.000797832     0.000676344     0.000118019     0.000333627     0.000598302     0.000286377     0.000164496      8.4216e-05     0.000301024     0.000740399     1.30942e-05        0.321921 
       0.2        0.000187      0.00416611      0.00192357      0.00179819     0.000222113     0.000753842      0.00126297     0.000589159     0.000335894     0.000167687     0.000597925      0.00115577     2.56039e-05         1.27886 
       0.3      0.00030577      0.00493224      0.00273813      0.00273909     0.000311448      0.00126495      0.00192306     0.000899098     0.000502529     0.000251004     0.000880518      0.00149271     3.73914e-05         2.87394 
       0.4     0.000382473      0.00373226      0.00286674      0.00362485     0.000402709      0.00166572      0.00269193      0.00125931     0.000658969      0.00032533      0.00119993      0.00180613     4.90463e-05         5.09771 
       0.5     0.000459576      0.00353791      0.00256159      0.00433337     0.000477198      0.00197118      0.00309246      0.00158812     0.000837352     0.000390451      0.00155085       0.0021992     5.91287e-05          7.9439 
       0.6     0.000543277      0.00325684      0.00204234      0.00553363     0.000531521      0.00238277      0.00364141      0.00195122      0.00104441     0.000442866      0.00197374      0.00244563     7.35695e-05         11.2463 
       0.7     0.000662505      0.00279112       0.0013833      0.00671018     0.000563122      0.00264018      0.00395175      0.00201026      0.00135324     0.000510871      0.00252576      0.00293493     8.72466e-05         14.9556 
       0.8       0.0007678      0.00273965     0.000872342      0.00871867     0.000570284       0.0029543      0.00381521      0.00179207      0.00156117      0.00054233      0.00288202      0.00396608     0.000102416         19.2653 
       0.9      0.00092072      0.00299413     0.000728961        0.011126      0.00057931      0.00269026      0.00293626      0.00156626      0.00176648     0.000540962      0.00294388      0.00495103     0.000117848         24.2343 

 ***  gamma_UL(h) - Upper Limits on Directional Variograms: 
         h        factor#1        factor#2        factor#3        -------> 
       0.1     0.000223656         0.33666      0.00232229        0.289404     0.000173702     0.000961306        0.256224     0.000635627     0.000526128     0.000130816        0.100429        0.127368       4.113e-05        0.512938 
       0.2     0.000507636        0.213832      0.00707596        0.333008     0.000338233      0.00226188        0.154306      0.00153235      0.00144155      0.00026723        0.294519        0.334597     8.10058e-05         1.56573 
       0.3     0.000951546        0.544879       0.0108068         0.38126     0.000460454      0.00357254         0.21429       0.0026186      0.00251351     0.000398889        0.335844        0.384963     0.000125731         3.25215 
       0.4      0.00145624        0.676902       0.0110023        0.456208     0.000591786      0.00463215        0.264637      0.00357543      0.00399789     0.000524494        0.393799        0.453726     0.000173721         5.34329 
       0.5      0.00197285         1.30665      0.00960258        0.551529     0.000709563      0.00572129        0.305783       0.0042947      0.00531694     0.000638164        0.480404        0.547076      0.00021415         8.03039 
       0.6      0.00260883          1.3271      0.00679521        0.695498     0.000784514      0.00679959        0.335311      0.00498764      0.00766622      0.00070883        0.597764        0.681016     0.000260581         11.5351 
       0.7      0.00308814         2.15342      0.00397185        0.926213     0.000834455      0.00777337        0.407433      0.00532828       0.0104282     0.000797597         0.79423        0.905699     0.000293373         15.6943 
       0.8      0.00367049          1.8898      0.00304588         1.38043     0.000877126      0.00929148        0.597143      0.00489339       0.0138908     0.000847847         1.19425         1.36296     0.000324023         20.4602 
       0.9      0.00416576         3.20889       0.0034421         2.74514     0.000928115        0.011063       0.0146622      0.00464709       0.0194863     0.000876632         1.75788         1.58516      0.00037017         25.9526 

 ***  IVARS_LL(H) - Lower Limits on Integrated Variograms: 
         H        factor#1        factor#2        factor#3        -------> 
       0.1     4.79289e-06     0.000107391     3.98916e-05     3.38172e-05     5.90095e-06     1.66813e-05     2.99151e-05     1.43189e-05     8.22479e-06      4.2108e-06     1.50512e-05     3.70199e-05     6.54709e-07        0.016096 
       0.3     4.38469e-05     0.000865016     0.000410285     0.000384408     4.96507e-05     0.000172324     0.000282974     0.000135534     7.60269e-05     3.78774e-05     0.000134932     0.000265425      5.8477e-06        0.303991 
       0.5      0.00012358       0.0016891      0.00097373      0.00110052     0.000130657     0.000506952     0.000814115     0.000392328     0.000208962     0.000103601     0.000376103     0.000634544     1.58439e-05          1.3553 

 ***  IVARS_UL(H) - Upper Limits on Integrated Variograms: 
         H        factor#1        factor#2        factor#3        -------> 
       0.1     1.11828e-05        0.016833     0.000116115       0.0144702      8.6851e-06     4.80653e-05       0.0128112     3.17813e-05     2.63064e-05     6.54082e-06      0.00502145      0.00636842      2.0565e-06       0.0256469 
       0.3     0.000120106       0.0823317      0.00147542       0.0811447       7.381e-05     0.000498736       0.0517691     0.000346582     0.000322313      5.9517e-05        0.056285       0.0653962     1.84919e-05        0.370473 
       0.5     0.000412032        0.242398      0.00356147        0.173368     0.000189694      0.00140232        0.104267      0.00104259       0.0011102     0.000162999        0.136478        0.157171     5.28903e-05          1.4682 

 ***  VARS-TO_LL - Lower Limits on Sobol Total-Order Effects calculated through VARS: 
                  factor#1        factor#2        factor#3        -------> 
               5.91951e-05     0.000664796     0.000399501     0.000557668     6.26646e-05     0.000251936     0.000398671     0.000206788     0.000111929     5.15304e-05     0.000205451     0.000286778     7.91829e-06        0.947123 

 ***  VARS-TO_UL - Lower Limits on Sobol Total-Order Effects calculated through VARS: 
                  factor#1        factor#2        factor#3        -------> 
               0.000240822        0.137699      0.00134746       0.0638294     9.11177e-05     0.000674886       0.0563867     0.000505127     0.000667832     8.20474e-05       0.0613205       0.0773849     2.78534e-05         0.96786 

 ***  Reliability Estimates of Factor Rankings based on IVARS: 
         H        factor#1        factor#2        factor#3        -------> 
       0.1           0.528           0.243           0.512           0.507           0.552            0.68           0.285           0.675           0.756           0.887           0.347           0.413               1           0.952 
       0.3           0.655           0.253           0.509           0.446           0.703           0.743           0.335           0.706            0.62           0.879           0.106           0.269               1               1 
       0.5           0.721           0.401           0.508           0.216           0.786           0.685           0.333            0.65           0.494           0.851           0.105           0.289               1               1 

 ***  Reliability Estimates of Factor Rankings based on VARS-TO: 
                  factor#1        factor#2        factor#3        -------> 
                     0.746           0.491           0.517           0.164           0.774           0.591           0.272           0.576           0.386           0.794            0.11           0.475               1               1 

 ***  Factor Grouping based on VARS-TO & IVARS50: 
                  factor#1        factor#2        factor#3        -------> 
 VARS-TO              2               3               2               3               2               2               3               2               2               2               3               3               2               1 
 IVARS50              1               2               1               2               1               1               2               1               1               1               2               2               1               2 

 ***  Reliability Estimates of Rankings based on Factor Grouping: 
                  factor#1        factor#2        factor#3        -------> 
 VARS-TO              1           0.983           0.521           0.955               1           0.977           0.794               1           0.978               1           0.861           0.883               1               1 
 IVARS50              1               1           0.512           0.957               1            0.99           0.708               1           0.998               1           0.861           0.974               1               1 
