 -------- Variogram Analysis of Response Surfaces (VARS) Output File -------- 
 VARS settings: 
 Target Number of Stars = 100 
 Current Number of Stars = 20 
 minimum h = 0.1 
 Bootstrap Size = 1000 
 Bootstrap Confidence Level = 0.9 

 ***  gamma(h) - Directional Variograms: 
         h        factor#1        factor#2        factor#3        -------> 
       0.1     9.22838e-05     0.000764087      0.00103459        0.336739     0.000159961     0.000311759     0.000522441      0.00034461     0.000434119     0.000116445       0.0135191      0.00081367     4.14642e-05          0.4777 
       0.2     0.000185786      0.00152976      0.00314118        0.381727     0.000302589     0.000669779      0.00122957      0.00081623      0.00119308     0.000222938       0.0160823      0.00160082     9.32945e-05         1.51516 
       0.3     0.000233086      0.00166217      0.00539532        0.425196     0.000417618      0.00116457      0.00233649      0.00139649      0.00212921     0.000312375       0.0194127      0.00228946     0.000146354         3.18695 
       0.4      0.00029776      0.00169304      0.00647666        0.505353     0.000501186      0.00163679       0.0037725      0.00195315      0.00332516     0.000375796       0.0228395       0.0028647     0.000195631         5.30767 
       0.5     0.000336651      0.00166167      0.00587678        0.607746      0.00059146      0.00200588      0.00517803       0.0023748       0.0043994     0.000454255       0.0296692      0.00341984     0.000245088         8.02805 
       0.6     0.000369161      0.00164987      0.00400683        0.766913     0.000664371       0.0023547       0.0066726      0.00264626      0.00642721      0.00048904        0.037098       0.0037189     0.000293447         11.3007 
       0.7     0.000474997      0.00154122      0.00187729         1.02106     0.000709787      0.00255644      0.00788939      0.00258652      0.00877578     0.000564232       0.0527514       0.0042191     0.000341493         15.0839 
       0.8     0.000490531       0.0012132      0.00117247         1.52947     0.000736212      0.00253546      0.00863429      0.00222228       0.0115523     0.000644787       0.0782455      0.00600446     0.000373178         19.5292 
       0.9      0.00042863      0.00227035      0.00155715         3.04184      0.00073769      0.00202458      0.00982669      0.00221945        0.016007     0.000646085        0.163597       0.0100472     0.000373178         24.6539 

 ***  COV(h) - Directional Covariograms: 
         h        factor#1        factor#2        factor#3        -------> 
       0.1         5.46717         5.50306         5.54124         5.35154         5.45873         5.52344         5.54018         5.49809         5.43707         5.46621         5.46322         5.50382         5.45739         5.54198 
       0.2         5.46625         5.50364         5.55231         5.32491         5.45736         5.52475         5.53796         5.49625         5.43753         5.46563         5.46203         5.50595         5.45657          4.0629 
       0.3         5.46654         5.50384         5.55512         5.30379         5.45538         5.52303         5.53809         5.49665         5.43695         5.46701         5.45522         5.50623         5.45703         2.28158 
       0.4         5.46697         5.50413         5.54606         5.25811         5.45746         5.52287         5.53743         5.49821         5.43304         5.46721         5.44803         5.50276         5.45824          0.6462 
       0.5          5.4687         5.50024         5.52657         5.20671         5.45966         5.51911         5.53798         5.49902         5.42866         5.46662         5.43452          5.4933          5.4578        -1.13234 
       0.6         5.47133         5.49439         5.49832         5.12402         5.46302         5.51368         5.53942         5.50059         5.42168         5.46583         5.41706         5.47965         5.45717        -2.99226 
       0.7         5.47386         5.49196         5.46508         4.99281         5.46992          5.5114         5.54165         5.50662         5.41026         5.46593         5.38705         5.46498         5.45973        -4.85812 
       0.8         5.47898         5.48764         5.43927         4.71623         5.46987         5.50137         5.55041         5.51651         5.39888         5.47133         5.33026          5.4474         5.46319        -7.36292 
       0.9         5.48462         5.48237         5.44244         3.90818         5.47177         5.49542         5.55547         5.52583         5.37707         5.47322         5.18766         5.41546         5.46319        -9.87393 

 ***  ECOV(h) - Directional Expected Covariograms: 
         h        factor#1        factor#2        factor#3        -------> 
       0.1     0.000119517     0.000428283      0.00212124      -0.0041966     0.000218907     0.000780712      0.00231135     0.000944655      0.00217276     0.000160148       0.0022845     0.000959593      0.00010923         4.01704 
       0.2     1.59955e-05    -0.000254357     3.19647e-05      -0.0165412     7.69788e-05     0.000385303      0.00146563     0.000432612      0.00123434     4.46824e-05      0.00123878     0.000250889     4.92422e-05         2.59585 
       0.3    -3.48849e-05     -0.00043505     -0.00189099      -0.0175514    -3.93369e-05    -9.31025e-05     0.000313292    -0.000149928     0.000352937    -4.17529e-05    -0.000141144     -0.00026973    -6.15838e-06        0.913069 
       0.4    -8.18135e-05     -0.00047038     -0.00286353      -0.0393525    -0.000119288    -0.000497404    -0.000973526    -0.000659985    -0.000559897    -9.18605e-05    -0.000776499     -0.00066279    -4.99694e-05       -0.810708 
       0.5    -0.000102059     -0.00035894     -0.00255652      -0.0604802    -0.000196559     -0.00079889     -0.00204057     -0.00101464     -0.00117036    -0.000151681     -0.00370247      -0.0010192    -8.78673e-05         -2.7304 
       0.6    -0.000106601     -0.00022703     -0.00112586      -0.0977482    -0.000249965     -0.00104628     -0.00302741     -0.00118559     -0.00250251    -0.000158508     -0.00527567     -0.00102016    -0.000118888        -4.80204 
       0.7    -0.000155493     -6.2062e-05      0.00101348       -0.148014    -0.000276105      -0.0010332     -0.00361401    -0.000961286       -0.003804    -0.000187104      -0.0111627    -0.000929648    -0.000144547        -6.99179 
       0.8      -0.0001247     0.000198824      0.00273625        -0.25388    -0.000279977    -0.000720812     -0.00372779    -0.000416821     -0.00511677    -0.000202398       -0.017696     -0.00140807    -0.000157221        -9.48503 
       0.9     1.10823e-05     2.56412e-05      0.00324303       -0.562061    -0.000198488     0.000213136     -0.00395624    -0.000221186     -0.00717853    -0.000109683      -0.0461624     -0.00200009    -0.000157221        -12.1301 

 ***  IVARS(H) - Integrated Variograms: 
         H        factor#1        factor#2        factor#3        -------> 
       0.1     4.61419e-06     3.82043e-05     5.17297e-05       0.0168369     7.99804e-06     1.55879e-05     2.61221e-05     1.72305e-05      2.1706e-05     5.82227e-06     0.000675954     4.06835e-05     2.07321e-06        0.023885 
       0.3     3.94613e-05     0.000312493     0.000687344       0.0931064     6.71358e-05     0.000156382     0.000292025     0.000185909      0.00026918     4.95571e-05      0.00393077     0.000355921     2.07936e-05        0.358634 
       0.5     9.77242e-05      0.00064799      0.00189861        0.195289     0.000167708     0.000478583        0.001045     0.000569788     0.000928127     0.000125468      0.00866882     0.000927856     5.99288e-05         1.45015 

 ***  Factor Rankings based on IVARS: 
         H        factor#1        factor#2        factor#3        -------> 
       0.1              13               6               4               2              11              10               7               9               8              12               3               5              14               1 
       0.3              13               6               4               2              11              10               7               9               8              12               3               5              14               1 
       0.5              13               8               4               2              11              10               5               9               6              12               3               7              14               1 

 ***  VARS-TO - Sobol Total-Order Effects calculated through VARS: 
                  factor#1        factor#2        factor#3        -------> 
               3.76107e-05     0.000211736     0.000560399       0.0590515     6.72778e-05     0.000193997     0.000503213     0.000228942      0.00046292     4.91163e-05      0.00280634     0.000314889     2.67597e-05        0.798158 

 ***  Factor Rankings based on VARS-TO: 
                  factor#1        factor#2        factor#3        -------> 
                        13               9               4               2              11              10               5               8               6              12               3               7              14               1 

 ***  VARS-ABE - Morris mean ABsolute Elementary effects across scales: 
   delta x        factor#1        factor#2        factor#3        -------> 
       0.1      0.00347713       0.0196542       0.0189275        0.114643      0.00620441       0.0102217       0.0165544       0.0110318      0.00949846      0.00465348       0.0221928        0.014685      0.00164492        0.839111 
       0.2      0.00651752       0.0281613       0.0329159        0.137607       0.0115799       0.0156834       0.0266012       0.0192464       0.0182252      0.00876105       0.0320589       0.0247388      0.00370107         1.65386 
       0.3      0.00840548       0.0310931       0.0442307        0.157387       0.0160832        0.022178       0.0350803       0.0277056       0.0270274       0.0122195       0.0414737       0.0326335       0.0057224         2.47177 
       0.4       0.0101852       0.0343603       0.0474832        0.186572       0.0195097       0.0282113       0.0444118       0.0352536       0.0341993       0.0149095       0.0496412       0.0361953      0.00757576         3.24285 
       0.5       0.0113131       0.0322551       0.0480278        0.220321       0.0232311        0.030375       0.0523927       0.0405177       0.0400391        0.018221       0.0566604       0.0415114      0.00954545         4.00472 
       0.6       0.0130051       0.0324558       0.0406692        0.268419       0.0263131        0.036209       0.0603804       0.0436758       0.0487989       0.0196654       0.0638747       0.0439741       0.0113636         4.74625 
       0.7       0.0165825       0.0289057       0.0326242        0.344257       0.0282681       0.0364078       0.0671612       0.0404798       0.0565488       0.0228304       0.0778072       0.0454588       0.0133523         5.45634 
       0.8       0.0183996       0.0254672       0.0303378         0.48988       0.0296528       0.0374495       0.0607418       0.0353378       0.0631282       0.0265215        0.099738       0.0514489       0.0148043         6.17173 
       0.9       0.0159533       0.0327967       0.0334785        0.903062       0.0297664       0.0351768       0.0622096       0.0346275       0.0709407       0.0265404        0.161831       0.0659659       0.0148043         6.92647 

 ***  VARS-ACE - Morris mean ACtual Elementary effects across scales: 
   delta x        factor#1        factor#2        factor#3        -------> 
       0.1      0.00121703    -0.000192901      0.00150603       0.0954075     6.38328e-05     0.000322671      0.00422699       0.0012521      0.00276164      0.00193042      -0.0113117     -0.00368056      0.00113987        0.748476 
       0.2      0.00278172     -0.00103062      0.00186948        0.106926     0.000740215    -5.52399e-05       0.0092006      0.00164536      0.00363557      0.00434817      -0.0130863     -0.00429688      0.00256471         1.49416 
       0.3      0.00437951     -0.00320527    -0.000147006        0.119099     0.000888348     0.000879329       0.0147917      0.00295455      0.00449856      0.00563402      -0.0160408     -0.00578644       0.0044237         2.21905 
       0.4      0.00473064     -0.00581019     -0.00243897        0.137858     0.000885943       0.0012984       0.0207481      0.00579861      0.00646359      0.00646886      -0.0187595     -0.00655724      0.00606061         2.99097 
       0.5      0.00567677     -0.00747222     -0.00463131        0.164884    -0.000117424      0.00148864       0.0255088      0.00803788      0.00775631      0.00809217      -0.0234205     -0.00729924      0.00772727         3.75289 
       0.6      0.00709596     -0.00871528     -0.00365846        0.206787      0.00132891       0.0019476       0.0311222      0.00869792      0.00969539      0.00970328      -0.0281392     -0.00983586      0.00909091         4.48645 
       0.7       0.0102189     -0.00747896    -0.000343013        0.277898      0.00207281      0.00205177       0.0345139      0.00689394       0.0104966        0.013146      -0.0374285      -0.0135017        0.010322         5.17777 
       0.8       0.0111269     -0.00412247       0.0074779        0.427702      0.00296086     -0.00022096       0.0368024      0.00658144       0.0145423       0.0173927      -0.0523453      -0.0171875       0.0102588         5.97664 
       0.9       0.0109533     -0.00173611       0.0135543        0.858668     0.000574495      0.00290404       0.0380429       0.0112689       0.0248548       0.0173737       -0.101806       -0.033125       0.0102588         6.73629 

 ********         Bootstrapping Results        ******** 
 ***  gamma_LL(h) - Lower Limits on Directional Variograms: 
         h        factor#1        factor#2        factor#3        -------> 
       0.1     4.43677e-05     0.000395224     0.000268442       0.0121568     0.000118618     0.000143389     0.000296437     0.000173077     0.000114236     7.79486e-05       0.0001781     0.000259503     1.91351e-05        0.318897 
       0.2     8.55526e-05     0.000577036     0.000419396       0.0139101     0.000217018     0.000217986     0.000439058     0.000321935     0.000218947       0.0001427     0.000337024      0.00047567      4.3054e-05         1.27645 
       0.3     0.000110503     0.000642976     0.000580336       0.0166734     0.000307932     0.000342535     0.000540486     0.000458094     0.000324176     0.000193249     0.000453905     0.000658507     6.16965e-05          2.8736 
       0.4      0.00012892     0.000733466     0.000661915       0.0188049     0.000371979     0.000455888     0.000631891     0.000599439     0.000395601     0.000244836     0.000547215     0.000761688     7.88743e-05         5.10937 
       0.5     0.000154704     0.000659851     0.000590094       0.0234291      0.00042346     0.000476284     0.000704485     0.000686109     0.000451932     0.000298758     0.000579417     0.000971296     9.79492e-05         7.98612 
       0.6     0.000185224      0.00059694      0.00047171       0.0279193     0.000470174     0.000620422     0.000883899     0.000786954     0.000521725     0.000334323     0.000581682      0.00101708     0.000118311         10.8817 
       0.7     0.000244299     0.000505796     0.000423084       0.0369407     0.000493309     0.000620173     0.000994169     0.000677784     0.000576625     0.000385001     0.000623822     0.000979946     0.000143959         13.9333 
       0.8     0.000247565     0.000496259     0.000476975       0.0570267     0.000514979     0.000677605     0.000743587     0.000453801     0.000616779     0.000441321     0.000618432       0.0012602     0.000172216         17.7164 
       0.9     0.000174817     0.000519438     0.000471989        0.108298     0.000506783     0.000522646     0.000589417     0.000447738     0.000652685     0.000418417     0.000709944      0.00175987     0.000172216         22.2917 

 ***  gamma_UL(h) - Upper Limits on Directional Variograms: 
         h        factor#1        factor#2        factor#3        -------> 
       0.1     0.000144704      0.00123586        0.002152        0.751479     0.000198943     0.000509614     0.000784683     0.000545338     0.000966621     0.000154602       0.0400901      0.00150927     6.57817e-05        0.792863 
       0.2     0.000294726      0.00277616      0.00739239        0.871213     0.000386832      0.00132485       0.0022206      0.00144394      0.00288161     0.000308388       0.0473495      0.00291336     0.000148009         1.98816 
       0.3     0.000366045      0.00292964       0.0131673        0.971399     0.000515899      0.00241473      0.00460174      0.00257367      0.00519064     0.000432611       0.0570072      0.00411388     0.000239151         3.80434 
       0.4     0.000487164      0.00278543       0.0158647          1.1534     0.000615559      0.00344512      0.00768728       0.0035886      0.00837375     0.000500517       0.0670436      0.00510684      0.00032859         5.68236 
       0.5     0.000535011      0.00282461       0.0141677         1.38137     0.000739452      0.00430144       0.0107947      0.00426612       0.0110532     0.000599402       0.0873103      0.00601606     0.000409158          8.0845 
       0.6     0.000556922       0.0028987      0.00922687         1.74748     0.000840424      0.00498294       0.0143152      0.00498089       0.0162756     0.000635439         0.10918      0.00650338     0.000492885         11.5352 
       0.7      0.00070335      0.00271669      0.00380041          2.3271     0.000922473      0.00539083       0.0173261      0.00540247       0.0223491     0.000733441        0.155826      0.00755097     0.000558019         15.6835 
       0.8      0.00072626      0.00201957      0.00206372          3.4895     0.000951741       0.0052844       0.0199045      0.00512591       0.0303549     0.000835106        0.231804       0.0109675     0.000592035         20.4754 
       0.9     0.000678771      0.00428154      0.00313386         6.94887     0.000960925      0.00440025       0.0245215      0.00517559       0.0429796     0.000859093        0.487121        0.018597     0.000592035         25.9545 

 ***  IVARS_LL(H) - Lower Limits on Integrated Variograms: 
         H        factor#1        factor#2        factor#3        -------> 
       0.1     2.21838e-06     1.97612e-05     1.34221e-05     0.000607839     5.93088e-06     7.16943e-06     1.48219e-05     8.65383e-06     5.71179e-06     3.89743e-06       8.905e-06     1.29752e-05     9.56756e-07       0.0159448 
       0.3     1.87011e-05     0.000130088      9.7725e-05      0.00344035     4.92282e-05     5.40389e-05      0.00010205       7.351e-05     5.00659e-05     3.22268e-05      7.4576e-05     0.000105948     9.23029e-06        0.303259 
       0.5     4.49978e-05     0.000270986     0.000227412      0.00732439     0.000125409      0.00014107     0.000227913     0.000196364     0.000128649     8.17245e-05     0.000182423     0.000259893     2.45515e-05         1.35715 

 ***  IVARS_UL(H) - Upper Limits on Integrated Variograms: 
         H        factor#1        factor#2        factor#3        -------> 
       0.1     7.23522e-06      6.1793e-05       0.0001076       0.0375739     9.94717e-06     2.54807e-05     3.92341e-05     2.72669e-05     4.83311e-05      7.7301e-06       0.0020045     7.54637e-05     3.28909e-06       0.0396431 
       0.3     6.22051e-05     0.000545752      0.00161354        0.212055     8.40512e-05     0.000302108     0.000530098      0.00032647     0.000646094     6.79125e-05       0.0115954     0.000649334       3.343e-05        0.468336 
       0.5     0.000155907      0.00111784      0.00457076        0.449068     0.000203238     0.000982381      0.00206095      0.00103143      0.00229615     0.000168935       0.0255181      0.00165122     9.91469e-05          1.6309 

 ***  VARS-TO_LL - Lower Limits on Sobol Total-Order Effects calculated through VARS: 
                  factor#1        factor#2        factor#3        -------> 
               1.83996e-05     9.53833e-05     7.52194e-05      0.00222426     4.93133e-05     5.83108e-05     8.99846e-05     7.86505e-05     5.14384e-05     3.22189e-05     6.88742e-05     9.97479e-05     1.08437e-05         0.78469 

 ***  VARS-TO_UL - Lower Limits on Sobol Total-Order Effects calculated through VARS: 
                  factor#1        factor#2        factor#3        -------> 
               5.68933e-05     0.000356251       0.0013108        0.135401      8.2533e-05     0.000391628      0.00102278     0.000401461      0.00114772     6.54776e-05      0.00821847     0.000540939     4.44864e-05        0.822637 

 ***  Reliability Estimates of Factor Rankings based on IVARS: 
         H        factor#1        factor#2        factor#3        -------> 
       0.1            0.79           0.202           0.393           0.652           0.767           0.436            0.38           0.374           0.159           0.739           0.633           0.182           0.959           0.686 
       0.3           0.703           0.136           0.401           0.968           0.776           0.455           0.199           0.325           0.132           0.696           0.633           0.186            0.92               1 
       0.5           0.632           0.238           0.401           0.968           0.793           0.363           0.468           0.244           0.252           0.685           0.633           0.132           0.849               1 

 ***  Reliability Estimates of Factor Rankings based on VARS-TO: 
                  factor#1        factor#2        factor#3        -------> 
                     0.614           0.172           0.378            0.97           0.821           0.251           0.582           0.263           0.289           0.711           0.633            0.19           0.785               1 

 ***  Factor Grouping based on VARS-TO & IVARS50: 
                  factor#1        factor#2        factor#3        -------> 
 VARS-TO              1               3               3               2               1               3               3               3               3               1               3               3               1               2 
 IVARS50              2               4               4               3               2               4               4               4               4               2               1               4               2               3 

 ***  Reliability Estimates of Rankings based on Factor Grouping: 
                  factor#1        factor#2        factor#3        -------> 
 VARS-TO              1               1           0.978            0.97           0.848           0.919               1           0.994           0.924           0.978           0.996           0.985               1               1 
 IVARS50              1           0.952           0.821           0.966           0.783           0.946           0.997           0.993           0.828           0.979           0.633           0.832               1               1 
