 -------- Variogram Analysis of Response Surfaces (VARS) Output File -------- 
 VARS settings: 
 Target Number of Stars = 100 
 Current Number of Stars = 30 
 minimum h = 0.1 
 Bootstrap Size = 1000 
 Bootstrap Confidence Level = 0.9 

 ***  gamma(h) - Directional Variograms: 
         h        factor#1        factor#2        factor#3        -------> 
       0.1     7.86693e-05     0.000821676     0.000850929        0.224592     0.000156112     0.000316064     0.000489176     0.000289886     0.000329422     0.000107862       0.0090841     0.000691592      3.9074e-05        0.425127 
       0.2     0.000156008       0.0016295      0.00239305        0.254652     0.000302877     0.000690026      0.00103813     0.000667497     0.000878975     0.000216648       0.0108375      0.00130969     7.50564e-05          1.4356 
       0.3     0.000206831      0.00171742      0.00399776        0.283667     0.000422012      0.00115707      0.00182779      0.00107544       0.0015444     0.000311559        0.013094      0.00180784     0.000112267         3.08159 
       0.4     0.000267094      0.00166325      0.00482764        0.337146     0.000527377      0.00157765      0.00288622       0.0014805      0.00236252     0.000386575       0.0153868      0.00218745     0.000147568         5.23939 
       0.5     0.000317027      0.00168872      0.00440583        0.405449     0.000605635      0.00187645      0.00392263      0.00180757      0.00308725     0.000449423       0.0199553       0.0026494     0.000183968         8.00808 
       0.6     0.000348988      0.00160319      0.00301148        0.511573     0.000681354      0.00211944      0.00502345       0.0020421      0.00445199     0.000488427        0.024931       0.0029094     0.000221352         11.3606 
       0.7     0.000402398      0.00151641      0.00152839        0.681016     0.000739671      0.00211248      0.00597979      0.00203935      0.00607343     0.000561653       0.0354377      0.00329819     0.000261956         15.2649 
       0.8     0.000404181      0.00126714      0.00105553         1.02001     0.000792533      0.00199561      0.00650522      0.00176918      0.00798446     0.000618614       0.0525001      0.00452679     0.000300226         19.8239 
       0.9     0.000337194      0.00226923      0.00117541         2.02818      0.00079283      0.00160358      0.00747584      0.00173349       0.0110314      0.00061948        0.109535      0.00720959     0.000351666          25.052 

 ***  COV(h) - Directional Covariograms: 
         h        factor#1        factor#2        factor#3        -------> 
       0.1         4.48067         4.50177         4.52462         4.37142         4.47082         4.51937         4.52507         4.49607         4.46134          4.4728         4.46276         4.49751         4.46822         4.82613 
       0.2          4.4802         4.50284         4.53237         4.35146         4.47046         4.52079         4.52366         4.49392         4.46187         4.47239         4.46208         4.49812          4.4676         3.38292 
       0.3         4.48046         4.50235         4.53341         4.33383         4.46908          4.5201         4.52292         4.49417         4.46209         4.47338         4.45699          4.4986         4.46796         1.67038 
       0.4         4.48042         4.50037         4.52643         4.29802         4.47002         4.51941         4.52152          4.4959         4.45952         4.47346         4.45109         4.49648         4.46864      -0.0289176 
       0.5         4.48122         4.49937         4.51524         4.25648         4.47075         4.51493         4.52261         4.49641         4.45558         4.47295         4.44117         4.48967         4.46831        -1.89433 
       0.6         4.48246         4.49799         4.49923         4.19049         4.47189         4.50842          4.5247         4.49745         4.44939         4.47224         4.42816         4.47989         4.46784        -3.89191 
       0.7         4.48317         4.49251         4.47668         4.08459         4.47494         4.50431         4.52471         4.50312           4.441         4.47215         4.40476         4.47016         4.46923        -5.97365 
       0.8         4.48589         4.48612         4.45814         3.86518         4.47293         4.49615         4.52736           4.511         4.43434         4.47595         4.36144         4.45936         4.47147        -8.52923 
       0.9         4.48829         4.48495         4.46611         3.22701         4.47402         4.48936          4.5278         4.51322         4.42057         4.47716         4.25504         4.43217         4.47028        -11.1759 

 ***  ECOV(h) - Directional Expected Covariograms: 
         h        factor#1        factor#2        factor#3        -------> 
       0.1     0.000111571     0.000414704      0.00156341     -0.00271185     0.000229147     0.000712371       0.0016984     0.000711496      0.00151401     0.000170681       0.0015774     0.000745116     7.25916e-05         4.04173 
       0.2     2.71245e-05    -0.000312262     3.54861e-05      -0.0110149     7.74546e-05      0.00031941       0.0010469     0.000302902     0.000840381     5.20735e-05     0.000834206     0.000165367     3.23137e-05         2.63382 
       0.3    -2.66369e-05    -0.000458323     -0.00133345      -0.0117162    -4.09522e-05    -0.000129099     0.000220193    -0.000108283     0.000214568    -4.25552e-05    -0.000118156    -0.000219569    -4.98742e-06        0.980561 
       0.4    -7.40897e-05      -0.0004335     -0.00209418      -0.0262928    -0.000139015    -0.000509667    -0.000722393     -0.00047943     -0.00040893    -0.000105263    -0.000544095    -0.000475374    -3.46847e-05       -0.770841 
       0.5    -0.000110221    -0.000355891     -0.00189184       -0.040411    -0.000199697    -0.000762002     -0.00150359    -0.000748444    -0.000818307    -0.000150487     -0.00249962    -0.000778928    -6.06358e-05        -2.72217 
       0.6    -0.000121479    -0.000115731    -0.000826699      -0.0652595    -0.000249054    -0.000935288     -0.00222158    -0.000895892     -0.00171001    -0.000163056     -0.00355574    -0.000801328    -8.23449e-05        -4.84862 
       0.7    -0.000133498     -1.1524e-05     0.000634864      -0.0987755    -0.000275685    -0.000796256     -0.00269495    -0.000765634     -0.00261453    -0.000192875     -0.00752904    -0.000769238    -0.000101166        -7.12352 
       0.8    -0.000102681     0.000128065      0.00180029       -0.169373    -0.000284174    -0.000461108     -0.00275016    -0.000355164     -0.00351715    -0.000198819      -0.0119085     -0.00107463    -0.000113044        -9.67202 
       0.9     1.87051e-05      -6.832e-05      0.00223544       -0.374726    -0.000200786     0.000284981     -0.00297363    -0.000154709     -0.00493281    -0.000137009      -0.0309319     -0.00143521    -0.000123332        -12.3946 

 ***  IVARS(H) - Integrated Variograms: 
         H        factor#1        factor#2        factor#3        -------> 
       0.1     3.93347e-06     4.10838e-05     4.25465e-05       0.0112296     7.80558e-06     1.58032e-05     2.44588e-05     1.44943e-05     1.64711e-05     5.39312e-06     0.000454205     3.45796e-05      1.9537e-06       0.0212563 
       0.3     3.38093e-05     0.000330989     0.000524286       0.0621077     6.69995e-05     0.000158463     0.000244121      0.00014951      0.00019806      4.8029e-05      0.00264687      0.00029052     1.70264e-05        0.340152 
       0.5     8.67115e-05      0.00066762      0.00142723        0.130278      0.00017112     0.000467903     0.000820264      0.00044171     0.000665895     0.000124736      0.00583801     0.000732127     4.65949e-05         1.41857 

 ***  Factor Rankings based on IVARS: 
         H        factor#1        factor#2        factor#3        -------> 
       0.1              13               5               4               2              11               9               7              10               8              12               3               6              14               1 
       0.3              13               5               4               2              11               9               7              10               8              12               3               6              14               1 
       0.5              13               7               4               2              11               9               5              10               8              12               3               6              14               1 

 ***  VARS-TO - Sobol Total-Order Effects calculated through VARS: 
                  factor#1        factor#2        factor#3        -------> 
               4.10417e-05     0.000266732     0.000520862       0.0478677     8.31144e-05     0.000221871     0.000471941     0.000216035     0.000397696     6.00919e-05      0.00230008      0.00030995     2.40903e-05        0.963664 

 ***  Factor Rankings based on VARS-TO: 
                  factor#1        factor#2        factor#3        -------> 
                        13               8               4               2              11               9               5              10               6              12               3               7              14               1 

 ***  VARS-ABE - Morris mean ABsolute Elementary effects across scales: 
   delta x        factor#1        factor#2        factor#3        -------> 
       0.1      0.00293537       0.0219075       0.0180485       0.0799425      0.00601945       0.0103007       0.0156963      0.00932192      0.00777263      0.00425832       0.0172919       0.0148204      0.00150814        0.825702 
       0.2      0.00550242       0.0313705       0.0297275       0.0975784       0.0114646       0.0178367       0.0249637       0.0165004       0.0151594      0.00844171       0.0255108       0.0248669      0.00293035         1.63502 
       0.3      0.00745551       0.0322397       0.0381121        0.112065       0.0160335       0.0242641       0.0316384       0.0230634       0.0225156       0.0121026       0.0331241       0.0312235      0.00434404         2.44647 
       0.4      0.00925926       0.0331853       0.0425428        0.132347       0.0201291       0.0295398       0.0392529       0.0296352       0.0280464       0.0151417       0.0388643       0.0335943      0.00566779         3.22668 
       0.5       0.0108754       0.0340934       0.0432214        0.155298       0.0232938         0.03158       0.0459436       0.0347416       0.0322483       0.0177231       0.0440311       0.0386608      0.00710438         4.00044 
       0.6       0.0123737       0.0331176       0.0364426        0.187283       0.0263742       0.0356082       0.0519434       0.0383165       0.0385511       0.0192466       0.0495718       0.0407344      0.00850168         4.76134 
       0.7       0.0141414       0.0307449       0.0302946        0.237493       0.0287696       0.0340432       0.0589352       0.0370974       0.0444893       0.0222292       0.0599551       0.0425912       0.0101361         5.50102 
       0.8       0.0150442       0.0274558        0.029718        0.335086       0.0310438       0.0341204       0.0541351       0.0330513       0.0504188       0.0247517        0.076008       0.0474853       0.0117214         6.24428 
       0.9       0.0124874       0.0368813       0.0275379        0.607647        0.031271       0.0326052       0.0570244       0.0322391        0.056553       0.0247643        0.119617       0.0564983       0.0135732          7.0143 

 ***  VARS-ACE - Morris mean ACtual Elementary effects across scales: 
   delta x        factor#1        factor#2        factor#3        -------> 
       0.1      0.00101712      -0.0001922     0.000835672       0.0642279     0.000900673      0.00123223      0.00319912      0.00138889       0.0028699     0.000912832     -0.00755845     -0.00302189     0.000759914        0.765279 
       0.2      0.00208596     -0.00108428     0.000724958       0.0729456      0.00215909      0.00225168      0.00654303      0.00294928      0.00450705      0.00205703     -0.00867266     -0.00305082      0.00170981         1.52855 
       0.3      0.00318422     -0.00278319    -5.65176e-05       0.0817647      0.00299844      0.00424483       0.0108027      0.00501503      0.00590909      0.00181037      -0.0108514     -0.00412999      0.00294913         2.27799 
       0.4      0.00377104     -0.00394571    -0.000550645       0.0949172      0.00370651      0.00604237       0.0148352      0.00819304      0.00770412      0.00145623      -0.0126901     -0.00565376       0.0040404         3.05876 
       0.5      0.00489562     -0.00518939     -0.00170623        0.113803      0.00366077      0.00787795       0.0180278       0.0109217      0.00924495      0.00196717      -0.0158342     -0.00677525      0.00515152         3.83255 
       0.6      0.00565657     -0.00591856    -0.000825968        0.142376      0.00555976      0.00906355       0.0222527       0.0122896       0.0115562      0.00218434      -0.0190351     -0.00848064      0.00606061         4.58814 
       0.7      0.00742985     -0.00649411    -0.000131874        0.190784      0.00699635       0.0099046       0.0252062       0.0117017       0.0137879      0.00422419      -0.0253199     -0.00963664      0.00688131          5.3153 
       0.8      0.00834386     -0.00433712      0.00289983        0.291782      0.00863636      0.00900673       0.0261721       0.0117971       0.0180282      0.00822811      -0.0346907      -0.0122033      0.00683923         6.11422 
       0.9      0.00915404      -0.0017298      0.00752104        0.578051      0.00810606       0.0110901       0.0287921          0.0125       0.0258291      0.00821549      -0.0680261       -0.027197      0.00683923         6.88751 

 ********         Bootstrapping Results        ******** 
 ***  gamma_LL(h) - Lower Limits on Directional Variograms: 
         h        factor#1        factor#2        factor#3        -------> 
       0.1     4.30456e-05     0.000545452     0.000339949      0.00822424     0.000124305     0.000189302     0.000334879     0.000178228     0.000112423     7.75265e-05     0.000186516     0.000326287     2.01832e-05        0.319244 
       0.2     8.53359e-05     0.000903406     0.000584795      0.00946168     0.000236318      0.00034852     0.000524345     0.000348372      0.00022979     0.000154288      0.00034291     0.000571813      3.9384e-05         1.27595 
       0.3     0.000114683     0.000955014     0.000795601       0.0113352     0.000333327     0.000528904     0.000644374     0.000469674     0.000350654     0.000218476     0.000463484     0.000728189      5.5889e-05         2.87161 
       0.4      0.00014067     0.000992335     0.000963474       0.0127675     0.000409939     0.000674017     0.000819349      0.00060163     0.000423351     0.000273174     0.000523267     0.000792254     7.01946e-05         5.10516 
       0.5     0.000173307     0.000966952     0.000909027        0.015863     0.000467602     0.000733026     0.000977255     0.000701918     0.000468616     0.000323631      0.00055833      0.00103646     8.94467e-05         7.97777 
       0.6     0.000201517     0.000915862     0.000639478       0.0188984     0.000520084     0.000862017      0.00119032     0.000836832     0.000540322     0.000355648     0.000598866      0.00112264     0.000105292         11.0745 
       0.7     0.000236558     0.000833598     0.000568304        0.024847     0.000559457     0.000785725      0.00141737     0.000771583     0.000650813     0.000410886     0.000699089      0.00118196     0.000130408         14.4899 
       0.8     0.000235372     0.000706966     0.000590941       0.0383904      0.00059235     0.000769264      0.00124247      0.00059529      0.00074085     0.000447075     0.000790677       0.0013823     0.000157536         18.6014 
       0.9     0.000154321      0.00106657     0.000437699       0.0726083     0.000584175     0.000589778      0.00139135     0.000527815     0.000834559     0.000433266     0.000981886      0.00162613     0.000181649         23.4376 

 ***  gamma_UL(h) - Upper Limits on Directional Variograms: 
         h        factor#1        factor#2        factor#3        -------> 
       0.1     0.000122194      0.00114412      0.00165832        0.496078     0.000189475     0.000470276     0.000690457     0.000441948     0.000705297     0.000138606        0.026796      0.00116797     6.13865e-05        0.635661 
       0.2     0.000239082      0.00250326       0.0054344        0.553711     0.000375078      0.00114357      0.00180241      0.00112577      0.00204244     0.000283366       0.0316766      0.00223397     0.000117994          1.7517 
       0.3     0.000315319      0.00263933      0.00950264        0.623436     0.000517804      0.00199332      0.00360315      0.00188644      0.00368427     0.000410995       0.0381555      0.00313802     0.000179462         3.49626 
       0.4     0.000417609       0.0024891       0.0114761        0.746832     0.000652367      0.00279004      0.00597896      0.00267236      0.00588473     0.000503146       0.0448362      0.00384182     0.000247149         5.49565 
       0.5     0.000490453      0.00252282       0.0103224        0.902254     0.000739794      0.00344368      0.00834958      0.00334578      0.00779761     0.000577132       0.0583881      0.00456476     0.000311336         8.05398 
       0.6     0.000525981      0.00248878      0.00683357         1.13889     0.000835635      0.00387766       0.0109801      0.00378225       0.0114273     0.000622057       0.0730243      0.00506734     0.000370724         11.5189 
       0.7     0.000594305      0.00234686       0.0029664         1.51654     0.000921686      0.00408765       0.0132679       0.0040913       0.0157043      0.00072127         0.10418      0.00587172     0.000418745           15.67 
       0.8     0.000607001      0.00193817      0.00172642          2.2592     0.000995965      0.00382554       0.0149834      0.00380958       0.0211846     0.000806297        0.154904      0.00841341     0.000471977         20.4564 
       0.9     0.000538296      0.00372691      0.00233071           4.499     0.000989439      0.00319494       0.0180476       0.0037994       0.0298498     0.000814656         0.32522       0.0138321     0.000552479          25.912 

 ***  IVARS_LL(H) - Lower Limits on Integrated Variograms: 
         H        factor#1        factor#2        factor#3        -------> 
       0.1     2.15228e-06     2.72726e-05     1.69974e-05     0.000411212     6.21523e-06     9.46512e-06      1.6744e-05      8.9114e-06     5.62117e-06     3.87632e-06      9.3258e-06     1.63143e-05     1.00916e-06       0.0159622 
       0.3     1.86969e-05      0.00019744     0.000131385      0.00233541     5.30282e-05     8.19974e-05     0.000120433      7.8772e-05     5.20007e-05      3.4228e-05     7.61428e-05     0.000126832     8.79892e-06        0.303136 
       0.5     4.75491e-05     0.000392972     0.000306239      0.00496876     0.000136177     0.000211981     0.000284191     0.000199447     0.000136039     8.98193e-05     0.000180811     0.000295349     2.34362e-05         1.35615 

 ***  IVARS_UL(H) - Upper Limits on Integrated Variograms: 
         H        factor#1        factor#2        factor#3        -------> 
       0.1     6.10972e-06      5.7206e-05     8.29161e-05       0.0248039     9.47374e-06     2.35138e-05     3.45228e-05     2.20974e-05     3.52649e-05     6.93031e-06       0.0013398     5.83984e-05     3.06933e-06        0.031783 
       0.3     5.15638e-05     0.000496351      0.00118429        0.134951     8.18477e-05       0.0002588     0.000429505      0.00025063     0.000458288     6.25197e-05      0.00775473     0.000495161     2.67459e-05        0.413508 
       0.5     0.000132382     0.000999338      0.00332299        0.283763     0.000207819     0.000806208      0.00162512     0.000783753      0.00162515     0.000161472       0.0170684      0.00125849     7.54744e-05         1.54052 

 ***  VARS-TO_LL - Lower Limits on Sobol Total-Order Effects calculated through VARS: 
                  factor#1        factor#2        factor#3        -------> 
               2.37986e-05     0.000163323     0.000125813      0.00184053     6.50932e-05     0.000100184     0.000138275     9.77607e-05     6.54125e-05     4.34715e-05     8.32085e-05     0.000140427     1.16164e-05        0.952301 

 ***  VARS-TO_UL - Lower Limits on Sobol Total-Order Effects calculated through VARS: 
                  factor#1        factor#2        factor#3        -------> 
               6.17209e-05     0.000395737      0.00117884        0.104903     0.000101341     0.000382251     0.000972749     0.000382342     0.000990108     7.65863e-05      0.00668531     0.000512548     3.93789e-05         0.98459 

 ***  Reliability Estimates of Factor Rankings based on IVARS: 
         H        factor#1        factor#2        factor#3        -------> 
       0.1            0.84           0.378           0.342           0.823           0.763           0.287           0.431           0.285           0.198           0.817           0.652           0.221           0.966           0.852 
       0.3            0.86            0.37            0.43           0.971           0.792           0.242           0.262           0.179           0.163           0.817           0.652           0.149           0.975               1 
       0.5           0.839           0.325           0.429           0.971           0.816            0.29           0.457           0.155           0.077           0.804           0.652           0.144           0.959               1 

 ***  Reliability Estimates of Factor Rankings based on VARS-TO: 
                  factor#1        factor#2        factor#3        -------> 
                     0.853           0.256           0.399           0.971           0.841           0.298           0.579           0.129           0.359           0.827           0.652           0.195           0.947               1 

 ***  Factor Grouping based on VARS-TO & IVARS50: 
                  factor#1        factor#2        factor#3        -------> 
 VARS-TO              3               4               4               2               3               4               4               4               4               3               1               4               3               5 
 IVARS50              2               4               4               3               2               4               4               4               4               2               1               4               2               3 

 ***  Reliability Estimates of Rankings based on Factor Grouping: 
                  factor#1        factor#2        factor#3        -------> 
 VARS-TO              1           0.971           0.768           0.971           0.878           0.986           0.993           0.995           0.893           0.992           0.652           0.906               1               1 
 IVARS50              1            0.92           0.819           0.971           0.771           0.994               1           0.989            0.78           0.993           0.652           0.886               1               1 
