 -------- Variogram Analysis of Response Surfaces (VARS) Output File -------- 
 VARS settings: 
 Target Number of Stars = 100 
 Current Number of Stars = 40 
 minimum h = 0.1 
 Bootstrap Size = 1000 
 Bootstrap Confidence Level = 0.9 

 ***  gamma(h) - Directional Variograms: 
         h        factor#1        factor#2        factor#3        -------> 
       0.1     0.000135909        0.165348       0.0014001        0.168666      0.00016117     0.000637819        0.107241     0.000490997     0.000339693     0.000113005       0.0486359       0.0440197     3.27777e-05        0.402253 
       0.2     0.000284454        0.117958      0.00383737        0.191621     0.000314396      0.00148077       0.0655128      0.00110502     0.000840815     0.000225999        0.130818        0.113787     6.41048e-05         1.39827 
       0.3      0.00047191        0.257584       0.0057806        0.213839     0.000436075      0.00234707       0.0912217      0.00176186      0.00144516     0.000328633        0.149763        0.132258     9.75929e-05         3.03036 
       0.4     0.000665536        0.313774      0.00629446        0.254332     0.000558204      0.00293543        0.112897      0.00231277      0.00225856     0.000416999        0.175681        0.156633     0.000131509         5.20083 
       0.5     0.000878558        0.584429      0.00562904        0.305835     0.000664362      0.00347197        0.130707      0.00275156       0.0029566      0.00050908         0.21525        0.189519     0.000162976         7.98129 
       0.6      0.00108581        0.612991      0.00413334        0.385857     0.000735732      0.00404267        0.143792      0.00312884      0.00416372     0.000556921         0.26788        0.236496     0.000197264         11.3784 
       0.7      0.00127038        0.973275      0.00279544        0.513463     0.000775469      0.00478996        0.174674      0.00307729      0.00563431     0.000642823        0.357687        0.314858     0.000227717         15.3344 
       0.8      0.00130257        0.892773      0.00190907        0.768457      0.00078129      0.00594757        0.254298      0.00267113      0.00728304     0.000686765        0.537168        0.474824     0.000256419         19.8609 
       0.9      0.00132604         1.54782      0.00185403         1.52538     0.000764934      0.00710395      0.00934917       0.0021617        0.010011     0.000691079        0.814986        0.551851        0.000295         25.0321 

 ***  COV(h) - Directional Covariograms: 
         h        factor#1        factor#2        factor#3        -------> 
       0.1          4.4761          4.5851         4.47102          4.3664         4.45108         4.48263         4.45466         4.47344         4.44103         4.45637         4.40174         4.49421         4.46426         4.63931 
       0.2          4.4758         4.66138         4.47489         4.34949         4.45146         4.48138         4.47174         4.47279         4.44196          4.4559         4.33279         4.40842         4.46376         3.21403 
       0.3         4.47492         4.47161         4.47553         4.33452         4.45022          4.4795         4.45197         4.47326         4.44245         4.45638         4.31284         4.39916           4.464         1.52847 
       0.4         4.47452         4.43602          4.4703         4.30744         4.45059         4.48097         4.43565         4.47197         4.43983         4.45661         4.28401         4.38641         4.46445       -0.193218 
       0.5         4.47566          4.2241         4.46291         4.27629         4.45083         4.48109         4.42161         4.47013         4.43563         4.45641         4.23951         4.36495         4.46433        -2.08665 
       0.6         4.47749         4.28364         4.45232         4.22679         4.45128          4.4815         4.41419         4.46765         4.42917          4.4562         4.17948         4.33512         4.46417        -4.15327 
       0.7         4.47795         4.02037         4.43593         4.14745         4.45268         4.48609         4.39895         4.46481         4.42057         4.45675         4.07876          4.2934         4.46519        -6.32286 
       0.8         4.47706         4.03253         4.42585         3.97772         4.44959         4.48538         4.35829         4.46616         4.41445         4.45939         3.88218         4.20869         4.46692        -8.83692 
       0.9         4.47798         3.78345         4.43167         3.48024         4.45302         4.48902         4.45675         4.46125         4.40351         4.46015         3.67924         4.14876         4.46604        -11.4598 

 ***  ECOV(h) - Directional Expected Covariograms: 
         h        factor#1        factor#2        factor#3        -------> 
       0.1     0.000361552        0.126071      0.00225039     -0.00123178     0.000242254      0.00134617      0.00407837      0.00105978      0.00140634     0.000196059       0.0783561       0.0807085     6.58326e-05         4.04755 
       0.2     0.000188066        0.189739    -9.45364e-05     -0.00792803     8.12627e-05     0.000458255      0.00544708     0.000399044     0.000799836     7.28191e-05     -0.00765541     -0.00614553     3.11103e-05         2.64854 
       0.3      -1.205e-05       0.0142304     -0.00189084     -0.00887119    -3.75313e-05      -0.0003267      -0.0115188    -0.000264611     0.000221966    -3.33039e-05      -0.0145079      -0.0142953    -2.66914e-06         1.00386 
       0.4     -0.00017676     -0.00214044     -0.00237479      -0.0201013    -0.000151064    -0.000767062      -0.0232299    -0.000747135    -0.000415626    -0.000108232      -0.0243754      -0.0251131    -3.26802e-05       -0.757117 
       0.5    -0.000333083       -0.229532     -0.00202368      -0.0308522     -0.00023864     -0.00110141      -0.0291897       -0.001102    -0.000829221    -0.000181207       -0.041313      -0.0392846    -5.54769e-05        -2.71327 
       0.6    -0.000455286         -0.1932    -0.000999451      -0.0497471    -0.000282137     -0.00136882      -0.0244988     -0.00135341     -0.00160966     -0.00020039      -0.0599963      -0.0581896    -7.67587e-05        -4.87395 
       0.7    -0.000525135        -0.42452     0.000146322      -0.0751144    -0.000286331     -0.00160229      -0.0222557     -0.00107235     -0.00243299    -0.000239016      -0.0934919       -0.089322    -9.08742e-05        -7.18747 
       0.8     -0.00046528       -0.349082      0.00114637       -0.128317    -0.000235313     -0.00185085      -0.0305491    -0.000439619     -0.00320873    -0.000242677       -0.160135       -0.154217    -9.97833e-05        -9.70802 
       0.9    -0.000348434       -0.621619      0.00134516       -0.282468    -0.000138528     -0.00125428      0.00395002     0.000376884     -0.00445149    -0.000193927       -0.218544       -0.172059    -0.000107499        -12.4001 

 ***  IVARS(H) - Integrated Variograms: 
         H        factor#1        factor#2        factor#3        -------> 
       0.1     6.79544e-06       0.0082674      7.0005e-05      0.00843331     8.05852e-06      3.1891e-05      0.00536207     2.45498e-05     1.69846e-05     5.65023e-06      0.00243179      0.00220099     1.63889e-06       0.0201127 
       0.3     6.56318e-05       0.0412098     0.000812777       0.0467207     6.93604e-05     0.000329212       0.0218365     0.000247695     0.000190309     5.03321e-05       0.0254336       0.0223936     1.45679e-05        0.331571 
       0.5     0.000199709        0.114688      0.00201271       0.0981376     0.000180203     0.000913706       0.0442226     0.000704643     0.000636252     0.000133918       0.0612523       0.0541457     4.07473e-05         1.40224 

 ***  Factor Rankings based on IVARS: 
         H        factor#1        factor#2        factor#3        -------> 
       0.1              12               3               7               2              11               8               4               9              10              13               5               6              14               1 
       0.3              12               3               7               2              11               8               6               9              10              13               4               5              14               1 
       0.5              11               2               7               3              12               8               6               9              10              13               4               5              14               1 

 ***  VARS-TO - Sobol Total-Order Effects calculated through VARS: 
                  factor#1        factor#2        factor#3        -------> 
               0.000107477       0.0629616     0.000788696       0.0361746     8.71607e-05     0.000428646       0.0240509     0.000335048     0.000377234     6.67739e-05       0.0274369       0.0269478      2.1305e-05         0.96139 

 ***  Factor Rankings based on VARS-TO: 
                  factor#1        factor#2        factor#3        -------> 
                        11               2               7               3              12               8               6              10               9              13               4               5              14               1 

 ***  VARS-ABE - Morris mean ABsolute Elementary effects across scales: 
   delta x        factor#1        factor#2        factor#3        -------> 
       0.1      0.00483235        0.108073       0.0237672       0.0656225      0.00614233       0.0137367       0.0585627       0.0130692      0.00877069      0.00437991       0.0385529        0.034745      0.00126999         0.82118 
       0.2      0.00859809        0.106767       0.0399736       0.0840893        0.011789       0.0237291       0.0622471       0.0223907       0.0170522       0.0086703       0.0648323        0.064111      0.00251026          1.6254 
       0.3       0.0122912        0.143076       0.0492546       0.0988614       0.0164177       0.0309785       0.0768615       0.0304036       0.0252237        0.012541       0.0791374       0.0765327      0.00379374         2.43086 
       0.4        0.015384        0.164157       0.0522601        0.116792       0.0210922       0.0374316        0.088326       0.0361148        0.031985       0.0159186       0.0947201       0.0868576      0.00508418         3.21503 
       0.5       0.0181641        0.202722       0.0517633        0.135117       0.0252045       0.0412569       0.0963081       0.0421856       0.0373302        0.019392        0.111868        0.102297      0.00632828         3.99133 
       0.6       0.0205508        0.223462       0.0469145        0.160194       0.0280792        0.047096        0.106509       0.0471078       0.0442022       0.0212784         0.13297        0.119994      0.00762626         4.76354 
       0.7       0.0227662        0.264499       0.0401568        0.200729        0.029859        0.051229         0.12049       0.0467856       0.0513047       0.0247548        0.167777        0.147392      0.00885206         5.51645 
       0.8       0.0243071        0.262994       0.0347333        0.277008       0.0303946       0.0569744        0.139916       0.0424037       0.0568829       0.0266698        0.231763        0.202189        0.010041         6.25964 
       0.9       0.0238258        0.398416        0.029315        0.484145       0.0299274       0.0610606       0.0704798       0.0380271       0.0638352       0.0267487        0.305442        0.219713       0.0114299         7.02172 

 ***  VARS-ACE - Morris mean ACtual Elementary effects across scales: 
   delta x        factor#1        factor#2        factor#3        -------> 
       0.1     0.000587121      -0.0396908     7.40039e-05       0.0489278     0.000264801    -0.000674102      0.00368476       0.0001203      0.00289738      0.00124579       -0.028057      -0.0205075     0.000708824        0.769625 
       0.2     0.000549637      -0.0574358      -0.0014319       0.0560977     0.000819918     -0.00164339       0.0271776    -0.000241872       0.0050367      0.00278804      -0.0473292      -0.0393809      0.00159485         1.54052 
       0.3     0.000784181       -0.100817     -0.00504915       0.0628738     0.000588925    -0.000830628       0.0357873    -5.27597e-05      0.00743597      0.00348259      -0.0562577      -0.0458762      0.00274756          2.3045 
       0.4     0.000365109       -0.128555     -0.00921717       0.0738531    -2.73569e-05     0.000324074       0.0464383      0.00152936      0.00971117      0.00357113      -0.0669013      -0.0548848      0.00386364         3.08909 
       0.5     0.000734848       -0.170971      -0.0139918       0.0886199     -0.00116288     0.000609217       0.0563561       0.0022803       0.0116117      0.00445013      -0.0810398      -0.0660593      0.00486364         3.86541 
       0.6     0.000547664       -0.192832      -0.0138258         0.11078    -4.10354e-05     0.000486111       0.0696575      0.00229403       0.0145668      0.00535669       -0.100352      -0.0823272      0.00579545         4.63364 
       0.7      0.00182976        -0.23524      -0.0117814        0.146706      0.00137416     -0.00193813       0.0835038    -0.000123106       0.0173506      0.00812605       -0.131268       -0.107044      0.00641098         5.37716 
       0.8      0.00219855       -0.229743     -0.00572759        0.224391      0.00327967     -0.00657355        0.108711    -0.000967487       0.0201468       0.0111521       -0.189317       -0.157524      0.00637942         6.16209 
       0.9      0.00528409       -0.357217     0.000666035         0.44035      0.00238321     -0.00606692       0.0331629       0.0010827       0.0260764       0.0112121       -0.252513       -0.184568      0.00637942         6.92663 

 ********         Bootstrapping Results        ******** 
 ***  gamma_LL(h) - Lower Limits on Directional Variograms: 
         h        factor#1        factor#2        factor#3        -------> 
       0.1     7.68325e-05      0.00107311     0.000669781      0.00629615     0.000132834     0.000296593      0.00052143     0.000283319     0.000163336     8.57516e-05     0.000281692     0.000566568     1.63323e-05        0.321121 
       0.2     0.000151073      0.00218117      0.00152956      0.00743198     0.000254954     0.000670418      0.00107695      0.00057688     0.000332624     0.000169578     0.000555478     0.000895499     3.22033e-05         1.27785 
       0.3     0.000231862      0.00265583      0.00215713      0.00895166     0.000356902       0.0010887      0.00167588     0.000829048     0.000512679      0.00024135     0.000842809      0.00114211     4.65072e-05         2.86869 
       0.4     0.000301402      0.00210395      0.00229419       0.0100926     0.000451589      0.00142782        0.002295       0.0010692     0.000695284     0.000306924      0.00112237      0.00132584     5.94779e-05         5.08923 
       0.5     0.000354765      0.00206416      0.00206664       0.0125062     0.000535218      0.00164208      0.00267024      0.00134443     0.000833569     0.000371273      0.00142941      0.00159806      7.2605e-05         7.92233 
       0.6     0.000384508      0.00188571      0.00163272       0.0147892     0.000595061      0.00189711      0.00307022      0.00158303      0.00101909     0.000419601        0.001763      0.00173885     8.92168e-05         11.1627 
       0.7     0.000415732      0.00131934      0.00124457       0.0191671     0.000624441      0.00205584      0.00343694      0.00144731      0.00127707      0.00048627      0.00226331      0.00203152     0.000108517         14.7582 
       0.8     0.000427712      0.00134498     0.000731559       0.0295335      0.00061853      0.00236432      0.00346943      0.00127349      0.00146535      0.00051065      0.00263424      0.00261673     0.000128813         18.9544 
       0.9     0.000391357      0.00203423     0.000462013       0.0554865     0.000578102      0.00206825      0.00266321     0.000963586      0.00178889     0.000503161       0.0029517      0.00270105     0.000146991         23.7897 

 ***  gamma_UL(h) - Upper Limits on Directional Variograms: 
         h        factor#1        factor#2        factor#3        -------> 
       0.1     0.000199677        0.421004      0.00229179        0.353618     0.000190177      0.00109543        0.320144     0.000736554     0.000602613     0.000138925        0.131988         0.12994      5.0048e-05        0.559406 
       0.2      0.00046037        0.267219      0.00669474        0.409425     0.000377743      0.00245632        0.192675      0.00174876      0.00168004     0.000282315        0.375594        0.338365     9.79887e-05          1.6345 
       0.3      0.00079846        0.683306       0.0102965        0.468306     0.000513205      0.00381181        0.267573       0.0029077      0.00298448     0.000410267        0.428589        0.392791     0.000154165         3.34018 
       0.4      0.00120557        0.847562       0.0113811        0.561045     0.000660781      0.00467175        0.330469      0.00379357      0.00478677     0.000521727        0.502397        0.465023     0.000214103         5.38945 
       0.5      0.00169398         1.63424       0.0101575        0.677859     0.000789719      0.00560288         0.38214      0.00444681      0.00632086     0.000636847        0.613577        0.562698     0.000263892         8.03227 
       0.6      0.00218656         1.65939      0.00719484        0.855682      0.00086773      0.00648892        0.419117      0.00496204      0.00918497     0.000687747        0.763357        0.703037     0.000321154         11.5214 
       0.7      0.00257862         2.69012      0.00465355         1.13938     0.000913616      0.00796876        0.509531      0.00503605       0.0125602      0.00079191         1.01606        0.937016     0.000359718         15.6792 
       0.8      0.00255198         2.36142      0.00353268         1.69654     0.000942664       0.0102671        0.747169      0.00437504       0.0168609     0.000848481          1.5283         1.41401     0.000391955         20.4454 
       0.9      0.00252221         4.01035      0.00363752         3.37704     0.000930662       0.0129224       0.0178713      0.00369904       0.0237014     0.000857462         2.27578         1.64165     0.000450432         25.9405 

 ***  IVARS_LL(H) - Lower Limits on Integrated Variograms: 
         H        factor#1        factor#2        factor#3        -------> 
       0.1     3.84163e-06     5.36554e-05      3.3489e-05     0.000314808     6.64172e-06     1.48297e-05     2.60715e-05     1.41659e-05     8.16678e-06     4.28758e-06     1.40846e-05     2.83284e-05     8.16615e-07        0.016056 
       0.3     3.53278e-05      0.00046046     0.000329864      0.00182034     5.67413e-05     0.000151937     0.000251458     0.000128618     7.57716e-05     3.79321e-05     0.000125332     0.000209134     7.23289e-06        0.303623 
       0.5     9.57719e-05     0.000905356     0.000772945       0.0039025     0.000147651      0.00043805     0.000715931     0.000346609     0.000213993     0.000100161      0.00035207     0.000473876     1.96556e-05          1.3532 

 ***  IVARS_UL(H) - Upper Limits on Integrated Variograms: 
         H        factor#1        factor#2        factor#3        -------> 
       0.1     9.98387e-06       0.0210502     0.000114589       0.0176809     9.50884e-06     5.47716e-05       0.0160072     3.68277e-05     3.01306e-05     6.94626e-06      0.00659938        0.006497      2.5024e-06       0.0279703 
       0.3     0.000105612        0.102969      0.00140943       0.0997418     8.19067e-05     0.000538337       0.0646495     0.000390512      0.00037715     6.23939e-05       0.0721841       0.0664802     2.23905e-05        0.386411 
       0.5     0.000349913        0.303602       0.0035449        0.213101     0.000211283      0.00145549        0.130216      0.00113371      0.00132026     0.000165813        0.174529        0.160761     6.46536e-05         1.49323 

 ***  VARS-TO_LL - Lower Limits on Sobol Total-Order Effects calculated through VARS: 
                  factor#1        factor#2        factor#3        -------> 
               4.50248e-05     0.000360242     0.000322695      0.00145277     7.16219e-05     0.000211554     0.000348069     0.000177465     0.000112483     4.99865e-05     0.000188448     0.000216487     9.69827e-06        0.951257 

 ***  VARS-TO_UL - Lower Limits on Sobol Total-Order Effects calculated through VARS: 
                  factor#1        factor#2        factor#3        -------> 
               0.000201935        0.173383      0.00136142       0.0789271     0.000102333     0.000677903       0.0708921      0.00052184     0.000799506     8.28113e-05         0.07858       0.0801056     3.48442e-05         0.97667 

 ***  Reliability Estimates of Factor Rankings based on IVARS: 
         H        factor#1        factor#2        factor#3        -------> 
       0.1           0.456           0.272           0.544           0.481            0.67           0.644            0.29           0.646           0.703           0.723           0.226            0.37               1           0.882 
       0.3           0.309           0.278           0.542           0.484            0.55           0.698           0.464           0.697           0.622           0.723           0.124           0.243               1               1 
       0.5           0.529           0.468           0.555           0.249           0.562           0.592           0.473           0.625           0.492           0.752           0.136            0.23               1               1 

 ***  Reliability Estimates of Factor Rankings based on VARS-TO: 
                  factor#1        factor#2        factor#3        -------> 
                     0.577           0.551           0.569           0.275           0.608           0.491           0.359           0.327           0.117           0.717           0.164           0.166           0.999               1 

 ***  Factor Grouping based on VARS-TO & IVARS50: 
                  factor#1        factor#2        factor#3        -------> 
 VARS-TO              2               3               2               3               2               2               3               2               2               2               3               3               2               1 
 IVARS50              1               2               1               2               1               1               2               1               1               1               2               2               1               2 

 ***  Reliability Estimates of Rankings based on Factor Grouping: 
                  factor#1        factor#2        factor#3        -------> 
 VARS-TO              1           0.959           0.583           0.961               1           0.954           0.986           0.999           0.943               1           0.882           0.691               1               1 
 IVARS50              1               1           0.544           0.962               1           0.991           0.755               1           0.993               1           0.877           0.934               1               1 
